1
1
1
2
3
4
5
5
6
6
8
8
8
10
10
11
11
11
12
13
13
13
14
15
15
16
16
17
19
20
20
21
21
21
22
23
24
25
30
30
31
33
34
34
35
35
38
39
39
40
41
41
42
42
45
45
45
46
46
46
46
47
47
48
49
49
49
50
50
51
52
52
53
53
53
55
58
58
59
59
61
61
61
62
62
64
64
66
72
72
74
74
75
75
77
77
78
79
79
80
80
80
80
81
83
85
85
86
87
88
88
89
90
90
93
95
95
95
98
98
99
100
101
101
102
102
104
104
105
105
106
106
107
108
109
110
110
111
113
114
115
115
115
116
116
117
120
120
121
123
123
124
126
126
127
127
127
129
130
132
132
133
134
134
134
136
137
139
139
141
142
143
143
144
144
144
145
146
148
148
149
149
149
151
151
153
154
154
156
159
159
159
160
160
160
161
163
164
164
165
166
166
167
167
167
168
169
170
170
170
173
177
177
180
180
181
181
182
183
183
184
185
185
186
186
186
189
191
191
191
192
194
194
194
195
196
196
197
197
198
200
200
201
201
201
203
203
204
205
207
208
210
210
211
211
212
212
212
214
214
214
214
215
216
219
219
219
220
221
221
222
222
222
222
222
223
223
224
225
226
226
227
229
231
231
232
233
236
237
237
239
239
239
239
240
241
241
242
243
243
246
248
248
248
249
250
250
250
250
251
252
253
253
254
254
255
255
255
255
256
256
256
257
257
258
259
260
260
261
261
262
263
263
264
264
264
264
265
266
266
267
267
269
271
271
272
273
274
274
274
275
275
276
276
278
280
280
280
281
282
283
284
284
286
287
287
288
289
289
289
290
293
293
294
294
296
296
298
299
299
299
301
302
302
304
304
304
304
305
307
307
308
309
309
311
312
312
313
314
315
315
315
316
316
319
319
321
322
323
323
324
326
327
328
328
329
329
330
330
331
331
332
335
335
337
339
340
341
341
341
342
343
344
344
345
346
346
346
347
348
349
350
351
352
353
353
356
357
357
358
358
358
359
360
360
362
362
362
362
363
363
365
365
365
366
366
366
367
369
369
369
370
370
371
371
375
376
376
377
379
379
379
380
380
381
382
382
385
386
387
387
391
392
393
396
396
397
398
398
399
400
401
402
402
403
404
405
406
407
407
407
408
410
411
411
411
412
412
413
413
413
414
414
415
418
419
419
421
422
422
423
423
425
425
427
427
427
428
428
428
429
429
429
431
432
433
435
437
437
438
439
440
440
441
441
441
441
443
443
444
444
445
445
445
445
446
446
447
449
450
450
450
450
450
453
457
458
458
459
459
460
462
462
462
463
463
464
465
466
466
468
468
468
470
471
471
472
472
472
475
476
477
478
480
482
482
484
485
486
486
487
487
489
490
491
492
492
493
494
496
496
497
498
498
499
499
501
502
503
506
506
506
508
509
509
509
513
516
516
516
517
517
519
520
522
523
523
524
524
526
526
526
527
528
529
530
531
531
532
534
534
534
535
537
537
539
539
540
542
542
542
543
546
547
547
548
549
549
549
550
551
552
554
555
555
556
557
557
557
557
558
560
563
565
567
569
571
571
571
572
573
574
574
575
575
575
576
576
577
577
577
578
578
580
580
580
581
582
582
583
584
585
585
585
585
587
587
589
589
589
590
590
592
593
594
594
594
594
596
596
597
598
598
601
601
602
603
604
604
604
604
605
606
606
607
608
608
609
609
610
612
612
613
613
614
615
616
617
618
620
620
621
622
622
623
624
624
624
625
625
626
627
627
628
629
629
629
630
632
634
635
635
636
636
637
637
638
639
639
640
642
642
643
643
643
644
645
645
645
646
646
646
646
649
650
651
653
657
657
658
660
661
661
662
663
664
664
664
664
665
666
666
667
667
667
668
669
670
670
671
671
671
672
673
674
676
677
677
678
681
683
683
683
684
684
688
690
691
692
692
693
694
696
698
698
699
699
701
703
705
705
707
708
709
710
711
711
712
712
712
713
713
714
714
715
716
717
717
717
717
718
719
719
720
720
720
720
721
721
721
722
724
724
724
724
724
725
727
728
729
729
730
731
731
732
734
736
736
737
738
738
739
739
740
740
742
744
744
745
745
745
745
746
746
746
747
747
748
748
749
749
749
751
754
754
755
755
755
756
756
757
757
758
758
758
758
759
760
760
760
760
761
761
761
761
764
765
765
766
766
767
768
769
770
770
771
772
775
776
778
780
780
783
784
784
784
784
784
784
785
785
786
787
787
788
788
790
790
790
790
791
792
792
793
795
796
797
799
800
800
801
801
802
804
806
806
806
807
807
811
812
812
812
813
814
816
817
817
817
817
817
819
819
820
820
822
822
823
824
824
824
825
827
827
829
830
831
831
832
832
832
833
834
835
835
837
837
840
840
840
841
841
842
843
843
847
849
850
851
852
852
853
854
855
856
858
859
860
862
862
862
863
864
864
864
865
866
866
866
867
867
867
868
869
869
871
874
875
875
876
877
879
879
880
882
882
883
884
885
885
886
887
887
891
891
891
891
892
896
896
898
898
899
899
899
900
900
900
902
902
902
902
904
905
907
907
909
910
910
911
911
911
912
913
914
915
915
917
917
918
919
919
922
923
923
923
924
925
926
928
929
929
929
929
930
931
934
935
935
936
936
937
938
939
939
939
941
941
942
942
942
942
943
943
947
947
947
947
948
950
950
950
951
952
953
955
955
957
957
958
958
959
959
960
961
963
964
965
965
967
968
969
970
971
971
972
975
976
976
976
976
977
977
978
978
979
980
982
982
982
982
982
983
983
985
986
986
988
988
990
990
990
993
993
994
996
996
997
998
998
999
1001
1003
1004
1004
1006
1007
1008
1008
1009
1010
1010
1012
1013
1013
1013
1014
1016
1018
1018
1019
1020
1021
1022
1023
1024
1025
1025
1026
1026
1026
1028
1028
1029
1029
1030
1031
1031
1032
1035
1035
1036
1036
1036
1037
1038
1038
1038
1039
1040
1040
1041
1041
1043
1043
1044
1045
1045
1046
1047
1047
1050
1050
1051
1051
1052
1052
1052
1054
1055
1056
1058
1058
1058
1059
1060
1066
1067
1069
1069
1074
1074
1076
1078
1080
1080
1080
1084
1085
1085
1085
1087
1088
1090
1090
1090
1091
1094
1096
1097
1097
1098
1098
1098
1099
1099
1101
1103
1107
1107
1108
1108
1109
1110
1110
1111
1113
1114
1115
1115
1116
1116
1116
1117
1117
1119
1119
1120
1120
1121
1122
1122
1126
1126
1126
1126
1127
1127
1128
1129
1131
1134
1135
1135
1136
1137
1138
1138
1138
1139
1140
1140
1141
1142
1142
1144
1144
1145
1145
1145
1146
1147
1147
1148
1149
1149
1149
1149
1154
1158
1158
1160
1161
1161
1161
1163
1164
1164
1164
1165
1165
1166
1166
1168
1169
1169
1170
1171
1172
1173
1173
1173
1174
1175
1177
1177
1178
1179
1181
1182
1183
1184
1184
1185
1187
1187
1188
1188
1188
1188
1188
1189
1191
1191
1191
1192
1192
1192
1193
1195
1196
1196
1196
1196
1196
1197
1200
1201
1201
1202
1203
1203
1204
1204
1204
1205
1207
1208
1208
1209
1210
1210
1211
1211
1212
1212
1212
1212
1212
1213
1213
1214
1214
1215
1216
1217
1219
1219
1220
1220
1222
1223
1225
1226
1226
1232
1232
1232
1233
1234
1234
1234
1235
1236
1238
1239
1240
1240
1241
1243
1249
1250
1250
1250
1251
1252
1254
1254
1254
1255
1255
1256
1256
1257
1258
1259
1260
1260
1261
1261
1262
1262
1263
1264
1264
1264
1264
1265
1265
1265
1265
1266
1266
1269
1270
1270
1271
1271
1271
1271
1272
1272
1273
1275
1275
1275
1276
1277
1279
1279
1280
1280
1280
1282
1282
1282
1283
1283
1284
1285
1287
1288
1288
1289
1290
1290
1291
1291
1292
1292
1293
1293
1294
1295
1295
1296
1296
1297
1299
1299
1300
1301
1301
1301
1301
1301
1302
1304
1304
1305
1305
1307
1307
1308
1308
1308
1309
1309
1309
1310
1310
1311
1312
1312
1313
1314
1315
1316
1316
1317
1318
1319
1319
1320
1320
1321
1321
1323
1325
1326
1327
1327
1328
1328
1329
1329
1329
1330
1331
1331
1332
1333
1333
1333
1334
1334
1335
1335
1335
1336
1336
1336
1337
1339
1339
1340
1341
1343
1343
1345
1345
1345
1346
1347
1347
1349
1349
1350
1351
1351
1352
1352
1354
1354
1354
1355
1355
1356
1358
1358
1359
1359
1360
1361
1361
1362
1362
1363
1364
1364
1365
1365
1367
1368
1370
1370
1370
1371
1373
1373
1373
1373
1375
1376
1376
1377
1378
1379
1380
1380
1382
1382
1384
1384
1384
1387
1388
1389
1390
1392
1393
1394
1395
1398
1398
1398
1398
1400
1405
1406
1406
1406
1406
1408
1410
1410
1411
1415
1416
1417
1418
1419
1420
1421
1421
1421
1422
1423
1423
1424
1424
1427
1428
1429
1429
1431
1432
1432
1432
1432
1432
1432
1434
1434
1437
1440
1440
1441
1442
1443
1446
1447
1447
1449
1449
1449
1450
1451
1452
1452
1453
1454
1454
1456
1456
1457
1457
1459
1459
1459
1460
1460
1460
1464
1465
1465
1465
1466
1466
1468
1469
1469
1470
1470
1471
1471
1471
1471
1471
1471
1473
1475
1476
1477
1477
1478
1478
1478
1478
1478
1484
1486
1487
1487
1488
1488
1491
1494
1495
1495
1495
1496
1497
1497
1498
1499
1500
1500
1500
1501
1501
1501
1501
1502
1502
1502
1503
1504
1505
1505
1508
1508
1509
1509
1509
1510
1511
1511
1511
1511
1512
1513
1514
1518
1519
1520
1521
1523
1523
1524
1525
1526
1528
1528
1529
1529
1530
1531
1532
1533
1533
1534
1534
1536
1537
1538
1538
1539
1539
1539
1539
1541
1542
1543
1543
1545
1546
1546
1547
1547
1548
1548
1548
1548
1550
1550
1550
1550
1551
1551
1552
1553
1558
1558
1559
1560
1560
1561
1561
1562
1563
1564
1565
1565
1566
1567
1567
1568
1569
1570
1570
1570
1571
1572
1572
1572
1572
1573
1574
1575
1575
1576
1577
1577
1577
1578
1578
1579
1580
1582
1582
1582
1583
1583
1584
1584
1585
1585
1586
1586
1586
1587
1588
1588
1588
1589
1590
1590
1593
1593
1593
1595
1595
1595
1595
1596
1596
1597
1597
1597
1598
1598
1598
1600
1600
1601
1601
1601
1602
1604
1604
1606
1606
1607
1608
1609
1610
1610
1610
1611
1612
1612
1613
1613
1613
1614
1615
1615
1616
1616
1617
1617
1617
1618
1618
1618
1619
1620
1621
1621
1622
1624
1624
1625
1626
1628
1628
1629
1629
1630
1631
1634
1635
1635
1636
1636
1636
1638
1638
1639
1642
1642
1643
1643
1644
1646
1646
1646
1648
1648
1649
1649
1649
1650
1651
1652
1652
1652
1653
1653
1655
1655
1655
1656
1657
1658
1659
1659
1660
1660
1661
1661
1662
1663
1663
1664
1664
1664
1664
1664
1665
1667
1668
1669
1669
1670
1671
1671
1672
1672
1673
1673
1674
1676
1682
1682
1684
1686
1687
1688
1688
1688
1691
1691
1691
1692
1692
1693
1693
1693
1696
1698
1699
1699
1700
1700
1700
1701
1702
1703
1704
1705
1707
1708
1709
1709
1709
1709
1710
1711
1711
1711
1712
1713
1714
1716
1716
1717
1717
1719
1719
1719
1721
1722
1723
1723
1725
1726
1726
1727
1727
1727
1729
1731
1731
1732
1732
1733
1735
1736
1737
1738
1738
1738
1739
1740
1742
1742
1742
1742
1743
1744
1745
1745
1747
1748
1748
1748
1750
1752
1752
1753
1753
1754
1757
1757
1758
1759
1760
1761
1762
1762
1762
1763
1763
1764
1767
1767
1768
1771
1773
1775
1776
1776
1777
1779
1779
1780
1780
1780
1781
1781
1783
1783
1784
1784
1785
1787
1788
1788
1790
1791
1792
1792
1792
1792
1793
1793
1796
1797
1798
1798
1799
1800
1801
1802
1802
1802
1805
1805
1806
1806
1811
1811
1811
1812
1813
1813
1814
1815
1816
1816
1817
1819
1821
1822
1822
1822
1823
1823
1824
1824
1825
1825
1826
1828
1829
1830
1832
1832
1834
1834
1834
1835
1838
1839
1839
1839
1840
1840
1842
1842
1842
1843
1844
1844
1844
1844
1847
1849
1850
1850
1850
1851
1852
1852
1853
1853
1854
1854
1855
1860
1861
1863
1863
1864
1865
1865
1865
1865
1865
1866
1866
1867
1867
1867
1867
1868
1870
1871
1872
1872
1874
1874
1877
1877
1878
1879
1879
1881
1881
1883
1883
1883
1884
1884
1884
1885
1886
1886
1886
1887
1887
1887
1889
1889
1890
1891
1891
1893
1893
1893
1893
1894
1894
1895
1895
1896
1896
1896
1896
1897
1897
1898
1898
1901
1901
1903
1903
1904
1904
1904
1904
1905
1906
1907
1911
1912
1912
1913
1915
1917
1918
1918
1920
1920
1921
1924
1925
1926
1927
1928
1929
1929
1930
1930
1931
1931
1931
1932
1933
1933
1933
1933
1934
1935
1935
1935
1937
1938
1938
1939
1940
1941
1941
1943
1943
1946
1948
1948
1948
1948
1950
1950
1951
1951
1951
1952
1953
1954
1954
1954
1954
1955
1956
1958
1958
1959
1959
1959
1961
1961
1962
1962
1962
1962
1962
1963
1963
1964
1964
1964
1965
1965
1965
1965
1966
1967
1967
1970
1971
1971
1972
1973
1973
1974
1974
1976
1976
1977
1978
1979
1980
1981
1982
1982
1983
1984
1985
1986
1987
1987
1987
1988
1988
1989
1989
1989
1990
1990
1991
1992
1995
1996
1997
1998
1998
1999
2000
2000
2000
2000
2002
2002
2003
2004
2004
2005
2005
2007
2007
2007
2007
2007
2007
2008
2008
2008
2010
2010
2012
2014
2014
2015
2015
2017
2018
2018
2018
2021
2023
2024
2024
2025
2025
2026
2027
2027
2027
2028
2029
2029
2030
2032
2032
2032
2034
2035
2036
2037
2038
2038
2039
2040
2041
2042
2043
2043
2043
2043
2044
2045
2045
2046
2047
2047
2047
2048
2049
2052
2052
2052
2054
2054
2055
2055
2056
2056
2058
2058
2059
2061
2061
2062
2063
2066
2068
2068
2069
2070
2072
2075
2075
2077
2078
2079
2079
2080
2081
2081
2082
2082
2083
2084
2084
2084
2084
2085
2086
2088
2089
2090
2090
2091
2092
2093
2094
2096
2098
2098
2098
2099
2099
2100
2100
2102
2102
2102
2103
2103
2105
2107
2107
2108
2108
2109
2109
2109
2110
2110
2111
2112
2112
2112
2114
2114
2114
2115
2115
2116
2117
2119
2121
2121
2122
2122
2123
2124
2125
2125
2125
2127
2127
2128
2129
2130
2130
2130
2131
2131
2132
2132
2134
2135
2136
2136
2138
2138
2139
2139
2141
2141
2142
2143
2144
2145
2145
2146
2146
2147
2148
2148
2149
2150
2150
2150
2152
2153
2153
2154
2155
2155
2155
2158
2159
2159
2159
2159
2161
2164
2165
2167
2168
2169
2170
2170
2171
2172
2172
2174
2174
2175
2175
2176
2176
2177
2178
2181
2183
2184
2186
2186
2187
2188
2188
2189
2189
2189
2190
2190
2191
2191
2193
2193
2193
2194
2195
2196
2197
2198
2198
2199
2199
2200
2201
2201
2202
2204
2204
2206
2209
2209
2209
2209
2209
2210
2210
2212
2213
2213
2215
2215
2217
2218
2219
2220
2221
2221
2221
2221
2222
2224
2225
2228
2228
2228
2229
2232
2233
2233
2234
2234
2235
2236
2236
2237
2237
2239
2240
2241
2241
2242
2242
2243
2243
2243
2245
2245
2246
2247
2248
2249
2249
2249
2250
2251
2253
2253
2255
2257
2257
2257
2258
2259
2261
2261
2262
2262
2263
2265
2266
2266
2267
2267
2269
2270
2270
2270
2271
2273
2273
2276
2276
2277
2278
2278
2279
2281
2282
2282
2283
2284
2285
2285
2287
2288
2289
2292
2294
2295
2296
2296
2297
2298
2299
2299
2300
2301
2301
2302
2303
2304
2305
2307
2307
2308
2308
2309
2311
2311
2314
2314
2315
2315
2316
2316
2316
2317
2317
2318
2318
2320
2320
2322
2322
2326
2328
2329
2331
2332
2334
2337
2338
2339
2339
2340
2341
2341
2341
2342
2342
2342
2343
2344
2346
2346
2347
2347
2349
2349
2350
2354
2354
2355
2355
2356
2358
2358
2359
2359
2359
2360
2360
2361
2362
2362
2364
2364
2364
2365
2366
2366
2366
2366
2368
2370
2370
2370
2370
2371
2371
2373
2374
2375
2375
2381
2382
2382
2382
2382
2385
2385
2386
2386
2387
2388
2388
2388
2390
2390
2392
2392
2392
2392
2393
2393
2393
2394
2394
2395
2396
2396
2397
2399
2400
2400
2400
2401
2402
2404
2405
2408
2409
2411
2411
2411
2412
2412
2414
2415
2416
2417
2418
2418
2419
2419
2419
2419
2421
2422
2423
2423
2426
2426
2427
2427
2427
2428
2430
2430
2430
2430
2430
2432
2433
2433
2433
2434
2435
2438
2439
2439
2440
2442
2442
2442
2443
2443
2443
2444
2444
2446
2447
2447
2449
2449
2449
2451
2453
2453
2454
2455
2455
2456
2457
2457
2459
2461
2462
2462
2465
2465
2466
2466
2468
2468
2468
2468
2469
2470
2471
2471
2473
2476
2476
2476
2476
2476
2476
2477
2477
2479
2479
2481
2482
2482
2482
2482
2483
2484
2484
2484
2485
2486
2486
2487
2487
2488
2489
2491
2493
2494
2496
2496
2497
2497
2498
2501
2501
2502
2503
2504
2505
2505
2507
2507
2508
2508
2510
2510
2511
2512
2512
2513
2513
2515
2515
2516
2516
2518
2520
2521
2522
2523
2523
2524
2525
2525
2525
2525
2526
2526
2526
2527
2529
2531
2534
2534
2535
2535
2536
2536
2537
2537
2537
2537
2537
2538
2538
2539
2540
2540
2541
2541
2543
2543
2544
2545
2545
2545
2546
2546
2547
2549
2550
2550
2551
2552
2553
2553
2553
2553
2554
2555
2556
2556
2556
2557
2558
2559
2562
2562
2563
2563
2564
2565
2566
2568
2568
2568
2570
2573
2573
2573
2574
2575
2577
2577
2578
2579
2579
2579
2580
2581
2581
2582
2583
2583
2584
2584
2585
2585
2586
2587
2587
2588
2588
2590
2591
2593
2594
2597
2598
2601
2601
2601
2604
2606
2607
2607
2609
2609
2609
2610
2610
2611
2611
2611
2612
2612
2612
2613
2614
2615
2616
2616
2617
2617
2619
2621
2622
2623
2625
2625
2626
2627
2627
2629
2629
2631
2631
2631
2632
2633
2636
2637
2640
2641
2641
2642
2642
2643
2644
2645
2648
2648
2649
2650
2651
2651
2651
2652
2652
2655
2655
2656
2656
2659
2661
2661
2661
2661
2661
2662
2663
2664
2664
2664
2665
2665
2665
2665
2666
2667
2667
2667
2668
2669
2669
2670
2673
2673
2674
2675
2675
2676
2676
2677
2677
2677
2680
2681
2681
2681
2683
2683
2684
2684
2684
2685
2685
2687
2688
2688
2689
2690
2691
2692
2692
2694
2695
2696
2696
2696
2699
2699
2702
2702
2702
2702
2704
2704
2705
2706
2708
2709
2711
2711
2712
2713
2713
2713
2713
2714
2714
2714
2715
2715
2716
2717
2717
2718
2721
2721
2721
2722
2723
2724
2724
2725
2725
2725
2726
2727
2727
2729
2729
2729
2731
2733
2734
2734
2735
2735
2735
2736
2736
2737
2737
2737
2738
2738
2738
2738
2739
2740
2741
2742
2742
2742
2744
2746
2746
2747
2750
2751
2751
2752
2752
2753
2754
2754
2755
2755
2755
2757
2758
2758
2759
2760
2762
2762
2762
2763
2763
2764
2767
2768
2768
2770
2770
2771
2771
2771
2772
2776
2776
2776
2780
2782
2782
2783
2784
2791
2791
2791
2792
2793
2794
2795
2797
2798
2800
2801
2801
2806
2808
2808
2809
2810
2811
2811
2813
2814
2815
2815
2817
2818
2821
2823
2823
2826
2827
2828
2829
2829
2829
2829
2830
2830
2830
2833
2833
2834
2835
2836
2836
2836
2838
2839
2840
2843
2846
2847
2847
2849
2851
2851
2853
2853
2854
2854
2857
2857
2857
2858
2858
2860
2861
2861
2863
2863
2864
2864
2864
2865
2866
2867
2868
2869
2869
2872
2874
2876
2876
2878
2880
2881
2882
2884
2891
2892
2893
2894
2896
2896
2898
2898
2899
2901
2901
2902
2902
2903
2904
2905
2905
2906
2908
2908
2908
2908
2909
2911
2913
2915
2916
2916
2918
2919
2919
2926
2926
2927
2927
2927
2929
2931
2932
2932
2932
2933
2933
2934
2935
2935
2936
2937
2937
2937
2937
2938
2938
2938
2939
2941
2942
2943
2943
2943
2946
2947
2947
2947
2948
2955
2955
2956
2958
2959
2959
2961
2963
2965
2965
2965
2966
2968
2969
2969
2969
2971
2973
2973
2975
2976
2976
2978
2979
2980
2981
2981
2982
2983
2987
2988
2988
2992
2993
2993
2993
2994
2994
2995
2995
2995
2998
3002
3004
3004
3006
3007
3008
3008
3009
3009
3009
3010
3010
3011
3012
3013
3014
3019
3019
3019
3020
3020
3021
3024
3024
3024
3025
3026
3027
3027
3032
3034
3035
3036
3043
3043
3045
3045
3045
3047
3050
3052
3052
3052
3054
3058
3059
3062
3063
3069
3069
3069
3071
3074
3074
3075
3077
3078
3079
3081
3081
3082
3086
3087
3087
3088
3089
3091
3092
3093
3093
3094
3095
3095
3096
3097
3098
3100
3101
3101
3101
3102
3102
3104
3105
3106
3106
3106
3107
3108
3110
3110
3111
3113
3113
3114
3114
3114
3115
3117
3117
3119
3123
3123
3125
3129
3129
3130
3130
3132
3134
3137
3140
3140
3140
3141
3141
3141
3144
3144
3146
3148
3149
3150
3150
3153
3155
3157
3158
3158
3160
3161
3162
3162
3162
3164
3165
3168
3169
3171
3173
3173
3174
3175
3175
3175
3176
3176
3177
3177
3177
3178
3181
3181
3183
3185
3186
3186
3188
3188
3188
3189
3190
3191
3193
3194
3198
3198
3199
3200
3200
3203
3205
3206
3207
3211
3211
3212
3215
3217
3217
3218
3219
3219
3220
3220
3222
3223
3224
3224
3224
3226
3226
3230
3231
3232
3233
3233
3234
3234
3235
3235
3237
3237
3238
3238
3238
3238
3238
3238
3239
3239
3239
3240
3243
3245
3246
3246
3246
3254
3255
3255
3255
3257
3259
3260
3260
3261
3261
3262
3262
3264
3264
3266
3266
3267
3268
3268
3269
3272
3273
3273
3273
3276
3277
3278
3279
3281
3282
3282
3284
3286
3287
3287
3287
3287
3288
3289
3289
3290
3290
3290
3294
3296
3297
3297
3298
3298
3300
3302
3303
3303
3303
3303
3305
3305
3306
3308
3309
3312
3312
3314
3314
3316
3317
3317
3318
3319
3320
3322
3322
3326
3329
3329
3331
3331
3333
3334
3334
3335
3336
3337
3339
3339
3340
3340
3340
3342
3342
3342
3344
3344
3345
3346
3347
3347
3348
3351
3351
3353
3354
3355
3355
3357
3358
3358
3360
3361
3364
3364
3365
3365
3366
3368
3370
3371
3371
3372
3375
3376
3378
3380
3382
3382
3384
3384
3386
3388
3390
3390
3391
3391
3393
3395
3398
3401
3402
3403
3405
3406
3410
3412
3413
3413
3414
3414
3414
3415
3415
3417
3417
3418
3420
3421
3421
3421
3421
3421
3422
3422
3423
3424
3424
3424
3424
3425
3425
3426
3426
3427
3427
3429
3429
3430
3433
3434
3434
3435
3435
3437
3438
3438
3439
3440
3440
3441
3442
3442
3442
3444
3446
3448
3449
3450
3451
3452
3453
3455
3455
3456
3457
3458
3458
3459
3461
3463
3464
3464
3465
3468
3468
3468
3470
3472
3472
3473
3475
3476
3476
3477
3478
3478
3480
3480
3482
3483
3484
3486
3488
3488
3491
3492
3493
3494
3494
3496
3496
3498
3500
3503
3503
3505
3507
3508
3508
3509
3510
3511
3511
3514
3514
3517
3517
3519
3519
3519
3520
3521
3521
3523
3524
3525
3526
3526
3527
3529
3530
3530
3530
3531
3531
3532
3533
3533
3534
3535
3536
3537
3537
3538
3538
3539
3540
3540
3542
3542
3542
3545
3545
3546
3546
3547
3548
3548
3550
3551
3551
3551
3551
3552
3553
3553
3553
3553
3554
3554
3554
3554
3554
3556
3556
3557
3558
3559
3559
3563
3564
3564
3565
3568
3569
3569
3570
3575
3576
3576
3577
3578
3581
3581
3581
3582
3582
3584
3584
3585
3585
3587
3588
3590
3592
3592
3594
3594
3595
3597
3597
3598
3598
3598
3599
3600
3600
3600
3600
3601
3601
3602
3602
3605
3605
3609
3609
3610
3610
3613
3615
3616
3616
3617
3617
3618
3621
3622
3623
3624
3626
3626
3628
3629
3629
3631
3631
3632
3636
3638
3639
3640
3643
3646
3646
3646
3646
3649
3649
3650
3652
3652
3654
3658
3659
3661
3662
3662
3663
3664
3665
3667
3667
3670
3671
3671
3671
3671
3674
3676
3677
3679
3679
3680
3682
3685
3685
3689
3691
3691
3691
3694
3694
3697
3697
3698
3698
3698
3698
3700
3701
3701
3703
3703
3705
3707
3708
3709
3709
3711
3712
3712
3713
3713
3713
3714
3716
3716
3716
3719
3721
3721
3721
3722
3722
3723
3725
3725
3726
3726
3728
3728
3729
3730
3730
3731
3733
3733
3734
3735
3735
3740
3741
3743
3745
3747
3747
3751
3751
3751
3754
3755
3756
3756
3759
3762
3763
3767
3773
3773
3773
3776
3782
3784
3784
3785
3786
3786
3788
3790
3790
3793
3793
3794
3795
3795
3796
3799
3799
3799
3800
3800
3801
3802
3803
3804
3804
3805
3806
3808
3808
3810
3811
3811
3812
3812
3812
3813
3815
3819
3820
3821
3821
3821
3823
3824
3824
3825
3825
3826
3826
3830
3831
3831
3831
3831
3831
3832
3832
3835
3835
3836
3839
3839
3840
3840
3842
3843
3845
3846
3849
3850
3852
3855
3856
3857
3857
3859
3860
3861
3861
3862
3862
3863
3864
3864
3865
3866
3867
3869
3870
3870
3871
3871
3872
3875
3876
3877
3879
3880
3882
3883
3886
3889
3891
3894
3894
3898
3898
3899
3899
3900
3903
3904
3904
3904
3905
3906
3908
3908
3909
3910
3912
3913
3913
3914
3914
3916
3916
3918
3919
3919
3920
3920
3921
3923
3930
3932
3933
3935
3936
3936
3937
3939
3940
3940
3940
3941
3941
3943
3945
3946
3947
3947
3948
3951
3952
3954
3955
3955
3956
3957
3960
3961
3961
3961
3962
3962
3964
3966
3966
3967
3969
3970
3970
3971
3972
3972
3972
3972
3972
3974
3974
3979
3979
3981
3982
3983
3983
3984
3987
3987
3989
3989
3990
3991
3991
3993
3998
3998
4001
4006
4008
4009
4009
4012
4014
4014
4017
4017
4018
4018
4019
4020
4021
4021
4021
4021
4021
4022
4027
4027
4027
4028
4030
4031
4031
4031
4032
4033
4034
4035
4036
4037
4039
4039
4041
4041
4042
4044
4047
4048
4048
4048
4048
4048
4050
4052
4054
4055
4055
4057
4058
4058
4058
4059
4059
4059
4061
4061
4062
4062
4063
4066
4066
4067
4069
4069
4069
4071
4072
4072
4078
4079
4080
4080
4081
4083
4084
4084
4084
4085
4086
4088
4088
4088
4089
4092
4094
4096
4097
4098
4099
4100
4100
4101
4101
4103
4103
4107
4109
4109
4110
4114
4114
4114
4115
4116
4118
4119
4119
4119
4120
4120
4123
4123
4123
4124
4126
4127
4130
4130
4130
4130
4134
4135
4137
4137
4138
4138
4138
4139
4139
4141
4141
4142
4146
4146
4146
4147
4148
4149
4150
4150
4152
4153
4154
4155
4158
4158
4159
4159
4160
4160
4161
4162
4164
4164
4165
4165
4169
4170
4170
4173
4173
4175
4175
4176
4177
4180
4183
4184
4185
4188
4188
4189
4190
4191
4192
4193
4194
4194
4195
4195
4196
4196
4197
4201
4201
4202
4202
4204
4204
4205
4206
4206
4208
4209
4211
4211
4212
4212
4213
4216
4217
4218
4219
4221
4222
4224
4224
4224
4225
4225
4225
4226
4226
4227
4228
4228
4231
4232
4234
4234
4234
4237
4238
4238
4239
4240
4240
4242
4243
4245
4248
4248
4249
4251
4251
4251
4252
4252
4253
4254
4254
4255
4255
4258
4258
4260
4260
4260
4264
4265
4265
4266
4266
4267
4268
4271
4274
4276
4277
4278
4280
4280
4281
4281
4282
4282
4282
4282
4284
4284
4285
4286
4287
4287
4287
4288
4290
4291
4294
4295
4296
4296
4296
4297
4297
4298
4300
4302
4303
4303
4304
4305
4307
4307
4309
4311
4311
4311
4315
4316
4318
4318
4319
4320
4320
4326
4326
4329
4329
4330
4332
4333
4333
4334
4336
4338
4341
4342
4343
4344
4344
4344
4344
4345
4347
4347
4349
4349
4349
4351
4352
4352
4353
4354
4356
4358
4359
4360
4362
4362
4362
4364
4366
4369
4372
4374
4374
4376
4376
4377
4377
4377
4378
4379
4381
4381
4382
4383
4383
4383
4384
4384
4388
4389
4389
4391
4392
4393
4393
4394
4395
4395
4397
4398
4401
4406
4407
4407
4411
4412
4413
4414
4415
4415
4416
4417
4418
4418
4421
4422
4424
4424
4425
4426
4427
4429
4430
4431
4431
4432
4433
4433
4436
4436
4436
4438
4439
4439
4443
4443
4443
4445
4445
4449
4450
4451
4452
4452
4454
4455
4456
4456
4457
4458
4458
4460
4460
4462
4463
4463
4465
4465
4465
4466
4466
4468
4468
4469
4469
4471
4472
4473
4474
4475
4475
4475
4476
4478
4479
4480
4481
4483
4485
4487
4489
4493
4493
4495
4496
4497
4500
4502
4507
4508
4508
4509
4510
4511
4511
4511
4511
4512
4512
4513
4515
4516
4517
4519
4520
4523
4523
4523
4523
4524
4524
4525
4526
4526
4527
4527
4527
4528
4528
4529
4530
4530
4530
4531
4532
4532
4533
4533
4534
4535
4536
4536
4537
4538
4539
4539
4540
4541
4541
4543
4544
4545
4547
4547
4548
4549
4549
4550
4552
4552
4552
4552
4554
4554
4554
4554
4555
4557
4557
4560
4560
4560
4561
4562
4563
4563
4564
4565
4568
4568
4572
4574
4575
4575
4575
4575
4577
4577
4578
4580
4581
4583
4583
4585
4587
4588
4589
4589
4590
4595
4595
4595
4597
4597
4597
4600
4600
4600
4602
4603
4603
4604
4605
4605
4606
4607
4610
4611
4611
4611
4613
4615
4616
4617
4618
4619
4621
4621
4622
4622
4623
4623
4624
4624
4626
4628
4629
4629
4630
4631
4632
4634
4636
4637
4637
4637
4640
4641
4642
4644
4645
4646
4646
4647
4648
4649
4649
4649
4651
4652
4653
4658
4660
4662
4662
4665
4665
4666
4668
4668
4668
4669
4670
4672
4676
4676
4677
4678
4680
4681
4681
4682
4683
4684
4685
4686
4689
4690
4690
4691
4691
4691
4691
4695
4698
4698
4699
4701
4703
4704
4704
4706
4708
4708
4709
4711
4712
4712
4713
4714
4714
4714
4717
4717
4717
4721
4721
4721
4724
4726
4726
4726
4731
4732
4732
4732
4733
4733
4737
4738
4738
4738
4738
4739
4739
4740
4742
4743
4744
4745
4745
4745
4746
4746
4746
4746
4746
4748
4748
4750
4751
4752
4755
4758
4763
4763
4763
4764
4766
4767
4768
4769
4771
4772
4773
4774
4775
4775
4775
4776
4778
4778
4779
4780
4781
4782
4783
4783
4783
4784
4785
4786
4787
4787
4790
4793
4793
4794
4796
4797
4797
4799
4799
4799
4801
4801
4801
4801
4801
4802
4804
4804
4804
4804
4805
4805
4806
4807
4810
4811
4812
4813
4813
4813
4817
4818
4819
4820
4821
4821
4821
4824
4824
4824
4825
4826
4828
4828
4829
4829
4829
4831
4832
4832
4833
4833
4834
4834
4837
4839
4841
4843
4844
4844
4847
4851
4852
4853
4855
4857
4857
4858
4859
4859
4860
4862
4863
4863
4865
4867
4868
4869
4870
4872
4874
4874
4875
4876
4879
4880
4881
4881
4882
4883
4884
4887
4887
4889
4890
4891
4892
4893
4893
4895
4898
4899
4900
4901
4902
4905
4906
4908
4909
4910
4910
4910
4911
4913
4913
4914
4914
4917
4917
4918
4921
4923
4926
4926
4926
4926
4927
4928
4929
4932
4933
4934
4936
4938
4940
4941
4942
4942
4942
4943
4943
4944
4946
4949
4951
4951
4951
4951
4952
4954
4955
4956
4957
4961
4962
4962
4963
4963
4965
4966
4966
4969
4971
4973
4973
4975
4977
4977
4978
4981
4982
4986
4986
4987
4987
4990
4997
4998
4998
4999
5000
5002
5003
5003
5003
5003
5004
5004
5005
5006
5006
5008
5010
5010
5010
5011
5014
5014
5015
5016
5017
5017
5017
5018
5020
5020
5021
5023
5023
5025
5025
5025
5027
5027
5028
5030
5030
5031
5031
5032
5037
5037
5039
5040
5040
5041
5041
5041
5043
5045
5049
5050
5050
5050
5050
5051
5052
5053
5053
5056
5056
5057
5058
5059
5060
5061
5062
5064
5065
5065
5067
5067
5068
5070
5070
5070
5070
5071
5076
5079
5079
5080
5082
5082
5086
5087
5088
5089
5092
5092
5092
5092
5092
5093
5100
5102
5103
5104
5104
5108
5109
5109
5109
5109
5111
5111
5112
5113
5113
5113
5114
5117
5118
5120
5121
5122
5123
5124
5124
5126
5129
5131
5131
5131
5131
5132
5132
5132
5135
5135
5135
5135
5137
5138
5142
5144
5144
5146
5147
5148
5148
5149
5151
5153
5156
5157
5157
5157
5159
5159
5160
5165
5166
5166
5168
5169
5171
5172
5174
5174
5176
5176
5179
5182
5183
5184
5185
5186
5190
5192
5192
5193
5195
5199
5199
5200
5205
5207
5207
5209
5209
5211
5213
5214
5215
5215
5217
5218
5218
5220
5221
5221
5223
5225
5226
5226
5226
5226
5226
5229
5229
5230
5231
5232
5232
5232
5233
5234
5234
5235
5237
5240
5242
5242
5244
5249
5249
5253
5254
5255
5255
5256
5257
5258
5259
5259
5261
5261
5264
5266
5266
5270
5271
5272
5273
5274
5275
5276
5277
5279
5281
5281
5282
5282
5283
5283
5284
5285
5287
5287
5288
5288
5289
5290
5294
5297
5299
5300
5301
5302
5304
5306
5306
5307
5308
5309
5309
5310
5311
5311
5313
5315
5316
5318
5318
5318
5318
5319
5319
5319
5320
5321
5324
5325
5325
5327
5327
5329
5329
5330
5330
5331
5331
5331
5334
5334
5334
5335
5336
5337
5338
5339
5339
5342
5343
5344
5345
5346
5347
5347
5349
5349
5351
5352
5352
5353
5353
5353
5354
5355
5355
5358
5359
5359
5360
5361
5362
5362
5363
5365
5365
5366
5368
5368
5369
5369
5372
5375
5375
5375
5377
5377
5380
5382
5383
5383
5384
5385
5386
5390
5391
5391
5392
5393
5393
5394
5394
5396
5397
5397
5398
5403
5403
5405
5406
5407
5407
5407
5408
5408
5408
5409
5410
5414
5415
5418
5419
5421
5421
5423
5424
5426
5427
5432
5432
5432
5433
5434
5435
5436
5436
5437
5437
5438
5438
5440
5440
5442
5443
5444
5445
5445
5446
5447
5449
5450
5452
5452
5453
5454
5457
5462
5463
5465
5466
5467
5469
5470
5470
5471
5471
5472
5474
5476
5476
5477
5477
5479
5479
5480
5480
5482
5483
5483
5485
5487
5487
5488
5489
5490
5491
5491
5491
5492
5492
5492
5493
5495
5495
5497
5498
5501
5502
5503
5503
5504
5506
5506
5508
5511
5511
5512
5512
5513
5514
5514
5515
5515
5515
5517
5521
5522
5525
5526
5527
5529
5531
5541
5542
5542
5543
5544
5544
5544
5544
5549
5549
5549
5551
5551
5551
5551
5553
5555
5556
5558
5558
5559
5561
5561
5563
5566
5569
5569
5569
5569
5571
5574
5574
5576
5576
5577
5577
5578
5578
5578
5579
5581
5583
5584
5585
5587
5589
5589
5590
5592
5593
5594
5594
5594
5596
5596
5597
5599
5600
5600
5602
5602
5602
5605
5605
5606
5607
5609
5611
5612
5612
5619
5620
5621
5622
5625
5625
5625
5626
5626
5626
5627
5628
5629
5629
5630
5633
5634
5635
5635
5637
5637
5638
5639
5639
5640
5641
5642
5643
5644
5646
5646
5646
5647
5647
5647
5648
5648
5649
5650
5650
5651
5652
5652
5658
5659
5659
5661
5663
5663
5665
5666
5669
5670
5670
5674
5674
5674
5674
5674
5676
5676
5676
5677
5679
5679
5680
5682
5682
5683
5684
5684
5686
5686
5687
5688
5688
5688
5689
5689
5690
5690
5692
5692
5694
5695
5696
5698
5699
5699
5701
5702
5703
5704
5705
5706
5708
5708
5709
5709
5709
5710
5710
5710
5712
5712
5713
5715
5716
5716
5716
5717
5717
5717
5720
5721
5721
5722
5722
5723
5728
5728
5728
5729
5730
5730
5731
5732
5736
5736
5737
5740
5743
5743
5743
5744
5745
5749
5749
5749
5750
5750
5752
5753
5755
5755
5755
5756
5756
5756
5757
5758
5759
5759
5760
5762
5765
5765
5766
5767
5768
5770
5771
5774
5774
5775
5776
5777
5777
5778
5780
5780
5784
5785
5786
5787
5788
5788
5788
5790
5792
5792
5793
5793
5793
5794
5796
5798
5798
5801
5801
5801
5801
5802
5802
5804
5804
5804
5804
5806
5809
5812
5812
5814
5815
5815
5817
5819
5819
5821
5822
5822
5825
5827
5828
5829
5829
5831
5832
5833
5836
5837
5839
5841
5842
5842
5844
5849
5854
5855
5856
5858
5858
5858
5858
5859
5859
5861
5861
5862
5863
5863
5863
5863
5865
5865
5866
5867
5870
5870
5871
5871
5871
5871
5874
5875
5876
5878
5881
5881
5882
5882
5882
5885
5885
5886
5886
5886
5889
5891
5892
5892
5894
5894
5895
5896
5897
5898
5899
5901
5902
5902
5904
5905
5905
5906
5906
5907
5908
5909
5910
5911
5912
5912
5913
5914
5915
5917
5918
5921
5921
5922
5925
5926
5926
5927
5929
5930
5935
5935
5937
5937
5938
5938
5939
5940
5941
5941
5941
5942
5943
5944
5948
5948
5949
5950
5951
5951
5954
5957
5958
5959
5963
5963
5965
5966
5969
5970
5973
5975
5975
5975
5977
5978
5979
5981
5981
5982
5982
5984
5984
5984
5985
5986
5986
5987
5991
5995
5995
5995
5996
5997
5999
6000
6001
6002
6002
6004
6006
6007
6010
6012
6013
6013
6015
6015
6016
6018
6018
6019
6019
6019
6022
6022
6025
6025
6025
6025
6031
6033
6034
6034
6034
6036
6038
6038
6039
6039
6040
6041
6043
6043
6043
6045
6046
6047
6048
6048
6052
6055
6055
6056
6057
6059
6060
6061
6062
6062
6063
6066
6067
6068
6070
6073
6073
6073
6074
6075
6076
6076
6077
6080
6087
6087
6092
6093
6094
6094
6099
6101
6103
6105
6106
6106
6107
6109
6110
6110
6111
6113
6113
6113
6114
6114
6117
6118
6119
6120
6122
6123
6124
6126
6127
6129
6135
6135
6136
6137
6142
6142
6143
6143
6148
6149
6149
6149
6151
6151
6152
6162
6163
6164
6165
6166
6166
6167
6168
6169
6170
6172
6172
6172
6176
6176
6178
6178
6179
6180
6181
6187
6188
6191
6192
6192
6194
6195
6195
6195
6196
6196
6198
6198
6198
6198
6198
6199
6200
6200
6202
6203
6203
6204
6207
6207
6208
6208
6208
6209
6209
6211
6212
6213
6213
6213
6215
6216
6216
6217
6218
6222
6223
6224
6226
6227
6228
6230
6230
6232
6234
6235
6235
6236
6238
6239
6239
6240
6240
6241
6243
6244
6245
6248
6248
6250
6251
6251
6252
6252
6255
6256
6256
6258
6258
6259
6260
6261
6261
6261
6261
6263
6265
6267
6268
6268
6269
6270
6271
6271
6273
6274
6274
6282
6282
6283
6285
6285
6286
6286
6287
6288
6290
6293
6294
6294
6295
6295
6296
6297
6297
6298
6299
6300
6300
6300
6303
6304
6305
6305
6306
6306
6306
6307
6308
6310
6311
6312
6313
6313
6313
6315
6316
6317
6318
6319
6320
6322
6323
6325
6326
6327
6328
6329
6329
6333
6335
6338
6341
6342
6343
6344
6345
6346
6346
6346
6346
6347
6347
6348
6348
6349
6350
6351
6354
6354
6354
6354
6355
6357
6357
6359
6360
6360
6360
6361
6362
6362
6363
6363
6364
6365
6365
6366
6366
6367
6367
6367
6369
6370
6372
6373
6376
6377
6377
6380
6380
6381
6384
6385
6386
6386
6386
6386
6386
6387
6387
6391
6392
6396
6397
6397
6398
6398
6398
6399
6399
6403
6403
6403
6403
6404
6405
6407
6407
6408
6408
6408
6410
6411
6412
6413
6413
6414
6414
6418
6418
6419
6420
6421
6422
6422
6423
6424
6426
6427
6427
6427
6428
6428
6429
6433
6433
6434
6435
6436
6436
6437
6439
6439
6441
6441
6442
6442
6443
6445
6447
6449
6450
6451
6451
6451
6452
6452
6453
6454
6455
6456
6458
6458
6458
6460
6461
6461
6462
6463
6464
6466
6468
6468
6468
6470
6471
6472
6473
6474
6475
6475
6478
6479
6479
6479
6480
6481
6482
6483
6484
6484
6484
6489
6491
6492
6493
6495
6498
6502
6503
6504
6504
6505
6507
6507
6508
6509
6510
6511
6511
6512
6514
6514
6514
6517
6518
6518
6518
6521
6522
6522
6524
6526
6526
6528
6529
6532
6534
6535
6536
6537
6539
6540
6541
6542
6546
6546
6547
6548
6549
6549
6549
6550
6550
6554
6554
6555
6555
6555
6558
6559
6559
6561
6564
6564
6565
6565
6565
6566
6569
6569
6570
6571
6572
6575
6577
6579
6579
6579
6580
6580
6582
6583
6583
6586
6587
6591
6592
6592
6592
6593
6594
6594
6599
6600
6601
6602
6603
6608
6609
6611
6611
6615
6616
6616
6616
6618
6618
6618
6619
6619
6621
6621
6621
6622
6624
6625
6625
6626
6629
6629
6629
6630
6631
6631
6632
6632
6633
6633
6634
6634
6634
6634
6636
6636
6636
6637
6639
6640
6642
6642
6645
6645
6647
6647
6648
6648
6650
6652
6654
6654
6656
6656
6658
6658
6659
6661
6662
6665
6665
6667
6668
6668
6668
6668
6669
6669
6670
6671
6672
6673
6673
6673
6675
6675
6677
6677
6677
6681
6681
6682
6683
6684
6684
6684
6688
6689
6689
6690
6691
6692
6693
6696
6696
6696
6699
6700
6701
6701
6703
6705
6705
6706
6706
6706
6708
6708
6708
6710
6711
6712
6713
6714
6717
6722
6723
6723
6723
6724
6725
6727
6727
6727
6728
6729
6731
6733
6736
6736
6737
6739
6741
6743
6743
6745
6745
6750
6751
6751
6757
6758
6760
6764
6764
6765
6765
6767
6768
6768
6770
6771
6771
6771
6772
6773
6774
6774
6777
6777
6780
6780
6781
6782
6784
6786
6788
6788
6790
6791
6791
6792
6792
6792
6794
6794
6795
6798
6798
6798
6799
6800
6800
6800
6801
6805
6806
6807
6807
6808
6809
6809
6810
6810
6810
6811
6812
6812
6813
6814
6816
6816
6817
6818
6819
6819
6819
6820
6822
6824
6825
6826
6829
6830
6834
6835
6836
6836
6836
6837
6837
6838
6839
6839
6841
6841
6843
6844
6844
6846
6846
6850
6851
6852
6853
6853
6854
6856
6857
6857
6864
6865
6866
6870
6876
6877
6878
6878
6881
6881
6882
6884
6886
6886
6888
6888
6888
6888
6892
6894
6895
6895
6897
6899
6900
6902
6903
6903
6904
6905
6905
6905
6906
6907
6908
6911
6912
6915
6915
6915
6916
6917
6917
6920
6923
6924
6925
6925
6926
6928
6929
6931
6931
6934
6935
6936
6936
6937
6937
6938
6938
6938
6941
6942
6945
6945
6946
6946
6946
6946
6948
6952
6954
6956
6958
6961
6961
6963
6965
6966
6967
6968
6969
6969
6970
6973
6973
6974
6974
6975
6978
6980
6981
6984
6984
6984
6986
6987
6988
6988
6989
6993
6993
6994
6995
6997
7001
7005
7006
7007
7007
7009
7009
7010
7010
7011
7012
7013
7015
7016
7018
7018
7018
7019
7019
7020
7021
7021
7021
7021
7021
7022
7026
7028
7029
7031
7032
7032
7032
7033
7034
7035
7036
7036
7038
7040
7042
7044
7044
7045
7046
7046
7047
7049
7049
7051
7051
7052
7052
7053
7054
7055
7058
7058
7058
7059
7059
7060
7060
7067
7067
7067
7067
7068
7069
7070
7074
7075
7075
7078
7079
7079
7079
7080
7080
7083
7083
7086
7086
7089
7090
7090
7090
7091
7092
7093
7093
7094
7095
7097
7099
7100
7101
7103
7103
7106
7107
7107
7109
7110
7111
7114
7114
7114
7118
7119
7120
7122
7122
7123
7127
7128
7128
7131
7134
7135
7137
7138
7140
7140
7140
7141
7141
7142
7142
7143
7144
7144
7145
7146
7147
7148
7149
7149
7149
7152
7154
7155
7155
7155
7156
7156
7156
7157
7158
7158
7159
7160
7160
7161
7162
7162
7162
7163
7165
7166
7169
7170
7172
7175
7175
7176
7176
7178
7179
7179
7179
7182
7182
7183
7183
7187
7189
7191
7192
7193
7193
7196
7197
7200
7200
7201
7201
7201
7202
7206
7208
7208
7209
7210
7211
7211
7215
7215
7220
7221
7221
7226
7228
7229
7231
7232
7233
7234
7237
7237
7237
7238
7241
7241
7241
7242
7242
7247
7248
7248
7252
7255
7256
7256
7258
7259
7260
7260
7263
7264
7266
7266
7266
7266
7267
7269
7272
7272
7272
7275
7275
7276
7277
7277
7277
7282
7284
7285
7285
7287
7288
7288
7288
7292
7292
7293
7294
7295
7296
7298
7299
7299
7299
7299
7300
7300
7303
7305
7308
7308
7311
7312
7313
7313
7314
7314
7316
7316
7317
7317
7320
7321
7326
7326
7326
7328
7331
7333
7333
7334
7335
7338
7339
7340
7341
7342
7342
7343
7343
7344
7344
7347
7350
7354
7357
7358
7359
7359
7362
7363
7364
7368
7368
7368
7369
7370
7371
7371
7371
7373
7376
7378
7378
7378
7380
7380
7380
7381
7381
7383
7383
7384
7384
7385
7386
7386
7389
7389
7390
7393
7394
7395
7395
7395
7396
7397
7397
7397
7398
7399
7399
7399
7399
7401
7401
7402
7404
7405
7405
7407
7408
7409
7411
7414
7414
7416
7416
7417
7419
7421
7423
7425
7425
7427
7427
7427
7430
7434
7436
7438
7439
7439
7440
7441
7441
7446
7450
7451
7452
7453
7454
7455
7459
7461
7464
7465
7466
7469
7470
7470
7476
7476
7477
7477
7477
7479
7480
7481
7482
7482
7483
7485
7488
7491
7491
7492
7492
7493
7493
7493
7495
7495
7496
7497
7497
7498
7498
7500
7500
7500
7501
7501
7501
7502
7503
7504
7507
7509
7509
7510
7510
7511
7514
7515
7515
7516
7517
7518
7519
7520
7520
7522
7524
7524
7525
7526
7526
7526
7527
7528
7528
7528
7529
7529
7532
7534
7534
7536
7538
7538
7539
7539
7539
7539
7541
7543
7546
7550
7551
7551
7552
7557
7559
7559
7560
7562
7563
7564
7567
7567
7568
7568
7569
7569
7569
7570
7570
7570
7571
7571
7575
7575
7576
7578
7578
7578
7579
7580
7580
7580
7581
7582
7584
7585
7586
7587
7588
7589
7589
7589
7594
7595
7595
7597
7598
7599
7599
7601
7601
7602
7602
7603
7604
7604
7606
7606
7609
7611
7611
7611
7614
7614
7614
7617
7617
7617
7619
7621
7622
7622
7623
7625
7628
7631
7631
7631
7632
7635
7635
7636
7638
7640
7641
7641
7641
7642
7643
7644
7644
7645
7645
7648
7648
7649
7651
7652
7653
7654
7655
7656
7656
7656
7656
7657
7658
7660
7660
7660
7660
7662
7663
7663
7664
7664
7664
7664
7666
7668
7669
7669
7672
7673
7674
7675
7675
7676
7677
7677
7678
7679
7680
7684
7684
7684
7684
7687
7688
7688
7688
7689
7691
7691
7692
7692
7694
7694
7695
7695
7695
7696
7697
7698
7699
7701
7701
7703
7703
7704
7705
7705
7707
7708
7708
7710
7712
7712
7712
7713
7713
7714
7714
7715
7716
7717
7717
7718
7719
7722
7722
7723
7726
7727
7727
7727
7729
7729
7733
7733
7735
7735
7736
7739
7741
7746
7747
7748
7748
7749
7750
7750
7751
7754
7754
7754
7755
7755
7756
7756
7756
7758
7761
7763
7765
7765
7766
7766
7767
7768
7769
7770
7770
7770
7771
7771
7771
7774
7774
7776
7778
7778
7778
7780
7781
7783
7784
7784
7785
7788
7788
7790
7791
7791
7793
7793
7794
7794
7794
7795
7795
7796
7800
7800
7801
7804
7806
7807
7808
7809
7809
7810
7811
7813
7816
7817
7817
7818
7819
7822
7822
7828
7828
7830
7831
7831
7833
7833
7834
7836
7837
7837
7838
7841
7841
7842
7843
7844
7845
7845
7846
7846
7846
7846
7846
7846
7849
7850
7850
7853
7854
7855
7856
7856
7857
7857
7860
7861
7861
7863
7863
7864
7864
7866
7869
7869
7870
7872
7873
7875
7875
7876
7877
7877
7879
7879
7879
7881
7881
7882
7884
7884
7885
7886
7890
7890
7890
7892
7894
7895
7895
7895
7895
7895
7896
7897
7897
7900
7901
7902
7902
7902
7904
7904
7904
7906
7908
7908
7909
7910
7912
7913
7917
7918
7919
7920
7920
7920
7921
7921
7924
7925
7925
7925
7929
7930
7930
7930
7932
7933
7934
7934
7935
7935
7936
7937
7938
7939
7939
7945
7946
7948
7953
7955
7956
7956
7957
7961
7961
7963
7964
7965
7970
7970
7971
7971
7973
7973
7975
7977
7979
7980
7982
7983
7987
7989
7990
7990
7991
7992
7992
7993
7994
7994
7995
7996
7998
7998
7998
7998
7999
7999
8004
8004
8004
8006
8009
8010
8011
8012
8014
8015
8016
8016
8017
8018
8019
8020
8022
8025
8025
8026
8028
8029
8030
8030
8030
8031
8032
8033
8033
8034
8034
8035
8035
8037
8038
8038
8039
8039
8040
8041
8043
8046
8046
8047
8048
8049
8049
8050
8050
8052
8053
8053
8054
8054
8056
8056
8060
8061
8061
8063
8064
8066
8067
8068
8068
8074
8076
8076
8077
8078
8079
8079
8079
8081
8082
8085
8086
8088
8092
8092
8094
8095
8100
8101
8101
8102
8104
8104
8108
8111
8111
8113
8113
8114
8115
8115
8118
8119
8119
8120
8121
8122
8124
8124
8125
8125
8130
8130
8130
8133
8134
8135
8135
8137
8137
8138
8138
8139
8139
8139
8139
8141
8142
8142
8142
8146
8146
8147
8147
8147
8148
8149
8150
8151
8151
8154
8157
8158
8161
8162
8163
8164
8167
8170
8171
8172
8172
8173
8175
8175
8175
8177
8180
8180
8182
8183
8184
8185
8189
8189
8190
8191
8192
8192
8195
8196
8197
8200
8200
8201
8202
8203
8204
8204
8205
8205
8206
8208
8209
8209
8209
8210
8211
8212
8213
8214
8214
8216
8217
8217
8218
8219
8221
8221
8221
8225
8225
8226
8227
8231
8231
8232
8232
8233
8233
8233
8235
8235
8237
8237
8238
8239
8239
8240
8241
8241
8241
8241
8242
8242
8244
8245
8245
8247
8247
8250
8250
8251
8252
8253
8253
8253
8255
8257
8258
8260
8262
8263
8264
8265
8267
8267
8268
8268
8269
8269
8269
8270
8270
8270
8270
8271
8272
8273
8274
8277
8277
8278
8283
8284
8284
8284
8284
8285
8285
8287
8287
8288
8289
8289
8289
8290
8291
8291
8291
8292
8292
8293
8293
8293
8294
8295
8295
8295
8295
8296
8297
8298
8299
8299
8299
8300
8300
8302
8304
8304
8305
8309
8310
8312
8313
8317
8318
8318
8318
8320
8321
8323
8323
8323
8323
8324
8326
8327
8327
8328
8331
8331
8333
8335
8335
8336
8337
8339
8341
8342
8342
8342
8343
8344
8345
8345
8346
8347
8347
8348
8350
8351
8353
8354
8354
8354
8355
8355
8360
8362
8362
8362
8366
8367
8368
8372
8373
8374
8375
8376
8376
8377
8378
8379
8381
8381
8382
8382
8384
8384
8384
8387
8388
8388
8390
8390
8395
8397
8398
8399
8400
8400
8402
8402
8403
8405
8405
8406
8406
8407
8407
8407
8408
8409
8410
8413
8414
8415
8417
8417
8418
8420
8420
8423
8423
8425
8426
8429
8429
8429
8431
8432
8432
8432
8433
8433
8435
8436
8436
8438
8439
8440
8441
8441
8442
8444
8444
8445
8445
8447
8448
8449
8451
8452
8453
8454
8455
8456
8456
8457
8460
8460
8460
8461
8461
8461
8462
8463
8463
8463
8466
8467
8469
8474
8475
8478
8479
8481
8482
8482
8486
8487
8488
8489
8489
8490
8491
8492
8495
8495
8495
8499
8502
8502
8502
8503
8505
8505
8505
8507
8510
8510
8510
8510
8511
8515
8517
8517
8518
8519
8520
8522
8522
8523
8523
8524
8527
8527
8528
8529
8529
8529
8531
8533
8535
8535
8536
8537
8538
8539
8539
8539
8540
8540
8541
8543
8544
8545
8549
8549
8550
8553
8556
8556
8557
8559
8559
8560
8562
8564
8565
8565
8566
8568
8572
8572
8573
8574
8574
8575
8575
8576
8576
8577
8577
8578
8580
8580
8583
8583
8584
8586
8587
8587
8587
8591
8591
8593
8593
8593
8596
8600
8600
8603
8605
8606
8607
8609
8609
8611
8611
8611
8612
8616
8618
8619
8623
8623
8625
8628
8628
8629
8633
8634
8634
8638
8640
8641
8641
8641
8642
8644
8644
8645
8645
8646
8646
8647
8648
8648
8649
8651
8652
8652
8653
8656
8659
8663
8664
8664
8665
8665
8667
8668
8668
8671
8672
8673
8674
8674
8674
8674
8676
8677
8679
8680
8680
8681
8683
8684
8684
8687
8687
8688
8688
8688
8691
8691
8692
8693
8695
8699
8703
8703
8705
8707
8708
8708
8714
8715
8716
8717
8717
8718
8722
8722
8722
8723
8726
8726
8726
8727
8728
8729
8731
8732
8733
8733
8735
8736
8737
8739
8740
8742
8743
8743
8744
8744
8745
8750
8750
8750
8751
8756
8756
8756
8756
8757
8758
8758
8759
8759
8764
8768
8769
8769
8771
8771
8773
8774
8774
8774
8774
8776
8776
8778
8779
8781
8781
8785
8788
8788
8788
8790
8791
8792
8793
8795
8796
8797
8800
8801
8801
8801
8802
8803
8803
8804
8806
8806
8806
8807
8809
8810
8810
8812
8812
8817
8817
8817
8818
8821
8823
8825
8829
8829
8831
8831
8833
8833
8834
8835
8839
8839
8840
8840
8840
8841
8841
8845
8846
8846
8846
8847
8848
8850
8850
8853
8853
8853
8857
8860
8862
8863
8865
8866
8867
8867
8869
8869
8870
8870
8871
8871
8872
8873
8873
8876
8879
8879
8880
8880
8880
8880
8882
8883
8883
8885
8885
8886
8887
8887
8888
8889
8889
8890
8893
8893
8893
8894
8894
8898
8901
8901
8903
8904
8904
8905
8906
8906
8907
8908
8908
8912
8912
8914
8915
8915
8917
8921
8921
8921
8921
8923
8924
8924
8925
8927
8928
8928
8929
8929
8933
8935
8936
8937
8937
8938
8939
8939
8939
8941
8943
8943
8944
8944
8947
8947
8948
8948
8953
8956
8957
8958
8958
8959
8961
8962
8963
8963
8964
8964
8964
8967
8967
8967
8967
8969
8970
8974
8975
8976
8976
8979
8981
8982
8984
8984
8985
8986
8986
8988
8990
8992
8992
8994
8994
8997
8997
8999
9001
9001
9002
9003
9004
9004
9006
9008
9010
9011
9013
9013
9015
9015
9015
9016
9016
9017
9017
9019
9019
9019
9020
9021
9022
9026
9026
9027
9028
9028
9028
9030
9031
9031
9033
9035
9035
9038
9038
9039
9042
9043
9045
9045
9046
9048
9050
9052
9056
9056
9056
9059
9061
9062
9063
9063
9064
9064
9065
9066
9067
9068
9068
9070
9071
9074
9075
9076
9077
9083
9083
9084
9084
9085
9087
9088
9089
9089
9089
9090
9092
9093
9094
9096
9096
9096
9096
9097
9097
9100
9100
9102
9103
9104
9106
9106
9109
9109
9110
9110
9111
9112
9112
9112
9117
9117
9118
9119
9119
9120
9124
9125
9126
9127
9127
9128
9130
9131
9132
9138
9139
9139
9141
9142
9143
9144
9144
9144
9145
9146
9147
9147
9148
9149
9149
9150
9150
9153
9155
9156
9158
9162
9163
9164
9164
9165
9167
9174
9174
9178
9180
9181
9181
9182
9182
9184
9185
9185
9185
9186
9186
9188
9190
9192
9193
9193
9193
9197
9198
9199
9199
9199
9200
9201
9203
9204
9206
9207
9208
9209
9212
9213
9213
9213
9215
9215
9215
9215
9216
9217
9219
9221
9221
9222
9223
9224
9226
9226
9228
9229
9231
9233
9234
9236
9239
9239
9239
9240
9240
9242
9243
9244
9244
9250
9252
9253
9253
9255
9255
9256
9256
9257
9257
9259
9259
9260
9261
9262
9262
9262
9262
9265
9266
9267
9268
9272
9273
9273
9275
9277
9277
9279
9282
9283
9283
9283
9284
9284
9285
9285
9285
9285
9286
9286
9286
9288
9288
9289
9289
9293
9294
9296
9297
9298
9298
9298
9298
9300
9301
9302
9303
9303
9305
9308
9308
9308
9309
9310
9311
9312
9315
9315
9315
9323
9323
9326
9327
9328
9333
9333
9334
9335
9336
9336
9337
9339
9340
9342
9345
9345
9346
9348
9348
9348
9349
9353
9355
9357
9358
9358
9360
9361
9362
9364
9365
9368
9370
9371
9372
9372
9373
9375
9376
9376
9381
9382
9383
9383
9385
9387
9387
9388
9390
9394
9395
9397
9398
9398
9398
9401
9402
9404
9404
9407
9409
9409
9411
9413
9413
9416
9417
9419
9423
9423
9424
9425
9425
9432
9433
9433
9434
9435
9436
9438
9438
9441
9442
9442
9442
9443
9445
9446
9448
9448
9449
9450
9451
9452
9454
9454
9455
9457
9459
9459
9461
9462
9463
9463
9464
9465
9465
9466
9470
9473
9474
9476
9478
9480
9483
9486
9486
9487
9493
9494
9497
9498
9498
9498
9498
9501
9501
9501
9501
9501
9504
9505
9505
9506
9507
9508
9509
9512
9513
9513
9515
9516
9517
9517
9517
9518
9518
9520
9523
9523
9523
9525
9527
9527
9528
9531
9531
9532
9533
9534
9535
9537
9537
9538
9540
9540
9540
9544
9544
9546
9547
9549
9551
9554
9555
9555
9555
9555
9558
9559
9560
9562
9564
9565
9565
9567
9567
9570
9571
9571
9572
9573
9574
9575
9576
9577
9577
9577
9578
9579
9579
9581
9581
9581
9582
9582
9583
9584
9584
9585
9587
9587
9596
9597
9597
9598
9599
9599
9600
9601
9601
9601
9601
9603
9604
9604
9605
9605
9606
9606
9607
9607
9610
9610
9611
9611
9612
9612
9615
9616
9618
9618
9619
9619
9620
9622
9623
9625
9625
9625
9625
9628
9632
9633
9633
9634
9634
9636
9636
9638
9639
9639
9644
9646
9647
9647
9649
9651
9651
9651
9652
9654
9654
9655
9656
9657
9659
9660
9661
9664
9668
9670
9670
9674
9674
9676
9682
9683
9683
9684
9684
9685
9685
9686
9687
9687
9689
9690
9690
9693
9694
9695
9696
9697
9698
9698
9698
9699
9700
9701
9703
9704
9705
9707
9709
9713
9718
9719
9721
9721
9722
9722
9724
9725
9725
9726
9726
9726
9727
9727
9731
9731
9731
9734
9737
9737
9739
9741
9741
9743
9746
9750
9750
9751
9752
9752
9754
9754
9756
9757
9758
9759
9763
9767
9769
9769
9769
9773
9773
9774
9775
9775
9775
9776
9776
9780
9781
9783
9783
9783
9783
9784
9784
9785
9786
9786
9787
9787
9788
9788
9788
9788
9789
9790
9791
9791
9792
9792
9793
9794
9795
9796
9796
9796
9798
9798
9799
9800
9800
9800
9801
9801
9801
9802
9802
9803
9804
9804
9804
9804
9804
9805
9806
9806
9806
9810
9811
9812
9812
9813
9814
9815
9815
9819
9819
9820
9820
9821
9823
9824
9825
9826
9828
9829
9830
9830
9832
9833
9833
9833
9836
9840
9841
9842
9844
9847
9848
9848
9849
9851
9851
9851
9852
9852
9855
9856
9856
9857
9857
9857
9859
9859
9860
9862
9863
9864
9864
9864
9866
9866
9866
9866
9867
9870
9870
9873
9873
9873
9874
9874
9875
9875
9876
9877
9879
9879
9880
9881
9883
9883
9886
9886
9887
9890
9890
9891
9892
9895
9895
9896
9900
9900
9901
9901
9901
9901
9905
9905
9908
9909
9909
9912
9914
9915
9917
9918
9919
9923
9924
9924
9925
9925
9926
9927
9929
9933
9933
9934
9936
9937
9937
9942
9943
9943
9943
9944
9945
9945
9945
9948
9949
9950
9950
9950
9951
9952
9952
9954
9956
9957
9958
9960
9962
9965
9966
9968
9969
9970
9971
9971
9971
9971
9972
9975
9975
9978
9979
9980
9982
9983
9983
9984
9984
9985
9986
9987
9988
9989
9989
9990
9992
9992
9992
9994
9994
9995
9996
9997
9997
10000
