1779
8699
6923
5329
2522
6673
75
8492
2587
9788
156
2689
2084
4516
9096
4305
3863
5462
2776
8708
2746
1753
20
2093
8339
2099
1292
3698
386
3421
2663
2714
831
6468
8985
9208
6629
5474
7562
1495
4079
7581
2661
5622
867
6765
8510
6631
5692
9252
9880
915
1500
8345
646
6768
9409
8453
64
1349
1687
1938
2249
4828
239
2225
9918
745
8335
2523
5489
4859
1145
5290
2103
3217
3712
4377
5342
4047
6377
2393
6708
7857
5407
7381
7908
3919
1881
8568
882
2433
1215
6350
8137
8853
5755
6905
9570
5199
2829
9365
4648
2704
9618
2541
2266
2314
8293
8063
3952
2738
5558
1389
1938
6151
4507
5862
4086
2755
1860
4021
5512
1536
7875
1976
9790
6908
3676
9811
5452
3312
537
6758
8182
8253
4177
4557
2901
776
6442
4982
8284
760
6188
5576
8523
669
8536
1074
419
1587
4297
6450
2763
7032
1962
3351
5634
1290
840
3081
7654
2388
506
215
1588
443
4510
2161
3569
260
9685
8744
7401
9112
4530
7122
2615
8378
4159
8451
2196
1672
1921
328
9106
3857
6236
5925
907
6167
170
1682
9462
5220
4248
625
8251
81
6386
3475
1494
7909
6480
7708
8257
667
4624
3796
4637
8967
2199
5407
5361
3370
770
2959
823
6900
2082
2665
5970
346
7895
646
133
1160
4668
1930
3904
2616
8883
4986
3708
4660
9442
1145
4618
2936
6591
660
982
380
3176
8576
978
9984
2966
7248
160
376
8883
7451
1839
8347
2489
604
5963
583
2669
3452
2174
3671
1628
3246
7675
5240
884
3081
6445
6376
3862
6684
2315
2655
75
3804
2462
3923
2869
8929
5334
3991
1879
8914
6346
5491
6807
3326
9215
6586
2243
2030
6268
7975
2018
5943
5131
9866
45
1219
513
5010
7645
5362
5266
3019
1735
621
8351
7770
9221
6572
8833
4006
8774
6600
5211
5578
8714
9571
3659
4360
5382
8183
49
432
1839
2525
9315
2545
8629
2479
1488
1343
5229
8560
7971
790
2228
6074
2299
8750
5776
1575
4649
4943
9737
4804
2041
1511
9385
6772
1797
9050
8239
4417
9734
3353
2346
3576
2204
8310
1428
5765
3616
9751
4445
8204
4536
3545
9786
5355
315
8726
6830
8172
2742
6810
3559
4271
30
9139
6076
4119
2102
7895
1126
9683
3891
923
876
2512
1742
449
6771
3661
1802
3713
6437
9056
6103
4347
2338
8407
6295
2507
5525
8962
9039
1711
8729
2191
256
7877
1051
7477
86
8088
9585
2149
6208
7501
843
5581
145
8809
1609
736
6070
2421
126
7011
7018
5589
4739
1624
9255
8469
15
3840
9277
1701
6198
509
6151
8390
5423
1702
4460
6149
2250
3663
1028
2088
3441
9096
5597
1495
7055
772
3260
4173
3279
9725
359
2382
3238
613
7794
699
7299
8304
2392
8164
5542
2081
1805
2142
8079
8323
8210
6853
1288
825
9513
5555
5942
7735
7785
2098
6683
1234
6404
7438
4208
8757
9015
3631
2082
7430
1169
694
2154
3449
6056
7973
8801
1748
5353
1844
3987
626
286
3233
4724
9451
709
1719
624
6243
670
3539
3767
1570
2581
5331
6234
2965
3537
4799
1375
3348
988
3517
5435
435
9445
1792
4944
3564
8354
1008
5892
5804
1145
2112
276
6269
8785
732
4153
7733
5876
4225
2971
445
9528
5602
7059
9572
8751
4071
3685
4389
3979
2713
3006
6022
3238
8540
9866
5266
4721
1628
2617
8346
5515
1339
8130
2759
261
1225
2665
9844
371
6357
5886
201
101
6179
3862
330
3751
3423
1277
1954
9222
3697
9579
9802
4084
3698
3623
2111
3486
4797
3530
5571
5788
2553
7094
6850
5080
934
8374
1351
6019
3158
9335
5168
3972
1327
5432
896
8066
1390
574
499
917
6526
411
6967
2903
5465
1504
7498
6033
9022
1312
398
6931
7347
8439
5684
4468
6701
2346
3864
1723
6110
6001
1657
9773
3790
1107
1452
1032
6461
4928
9857
3919
8663
1301
6
3815
1370
1884
9578
8865
212
6418
1349
7114
2177
365
2854
3071
6611
653
6286
661
482
3793
4123
4647
5415
7998
3319
2417
9219
1852
7378
9901
2213
4130
2541
748
1660
6675
5721
9144
3386
5384
7007
3239
3450
768
3937
7890
9555
2677
1424
3671
7036
4785
80
1931
9923
6529
7881
9028
2969
6857
6864
8423
3920
5784
2725
2525
3144
3646
4206
8076
2038
827
8788
6483
4134
3401
955
1045
2899
1116
1080
4170
8628
745
9647
7314
6745
5973
9355
875
4806
8543
5793
4165
703
4769
5383
3316
6422
3027
3600
294
6000
7601
6475
1222
990
5551
2382
9776
347
1977
6493
3237
5297
7599
3232
8833
4418
609
4787
5004
5619
3511
3631
6926
1355
4597
4329
7719
2045
9213
7849
2782
2513
2181
4382
8871
3498
362
5905
6442
5780
9045
663
1762
9180
8205
2155
9651
8885
5261
4059
1664
1784
9752
1825
8860
7611
2090
4517
1839
2661
3521
1184
4875
3457
8812
724
6816
7697
7906
1195
2988
486
4951
7726
3831
7901
5114
5256
5279
731
6370
8185
5375
3468
4954
5502
5
4776
7386
3729
516
6408
9737
5981
3799
6423
2288
1014
1175
7884
3488
1606
4783
392
7335
6346
5037
107
575
6751
4652
715
5383
9943
6624
4632
3734
9008
2754
6633
6701
5351
2861
2443
3036
2136
1896
9804
712
6362
9573
2147
3804
2473
4008
6066
2685
6323
2476
5470
2690
1144
755
4239
7060
475
4637
7491
7635
5902
4619
3303
8489
7293
1188
3721
8291
458
8327
472
1036
7945
5602
9597
5244
8348
738
2718
8034
7522
1980
7455
3101
6619
9996
8572
6706
2063
5676
9750
5129
6192
8232
7850
5592
1373
2079
8680
7300
6505
8444
4401
9685
2539
2661
4834
5594
4695
2932
5729
5421
5405
5349
550
6536
576
8367
1164
5704
5978
9206
1208
1616
1870
8576
7977
321
9470
855
5088
6025
9518
1646
7746
7466
5289
9048
9019
7869
7266
5365
2358
8502
8269
1422
1962
186
4096
4211
1335
8750
164
6195
1618
9425
1376
1292
493
2141
760
1572
666
5658
721
3527
8529
196
3097
5633
1568
6478
9957
6238
35
1478
4475
2240
996
939
3009
9298
8580
2780
7093
6347
2827
7811
2366
1604
7917
4451
8323
7021
7998
6013
2251
3725
2183
9769
9540
3721
8456
8291
8648
3335
832
3556
749
1347
2444
2611
2364
9442
9804
1883
4837
869
6636
8495
8944
9856
4642
571
2535
1500
4083
9372
9298
2537
8779
5859
2723
4424
5612
1574
1204
9560
5926
2792
1117
6559
9353
411
8122
6652
8247
9618
9836
9707
1405
1819
4431
1512
6931
6061
3836
807
3554
9407
9664
2611
1333
4218
6349
6518
8292
4287
6399
2937
4973
555
3505
6124
1331
9242
993
6984
5628
5626
3058
1539
6517
594
1361
7156
3993
7026
3802
6711
8226
5020
8667
8947
9199
1140
9721
8586
6
4085
530
6609
3964
8756
7603
5329
9011
6472
8139
7149
3
5626
9375
3782
2381
7321
4255
2491
4139
1185
1305
2484
9244
9277
8077
9968
1903
6235
2209
2414
829
16
806
6073
6300
4315
4234
5432
5745
862
8703
6213
2374
3114
5419
891
7660
362
5778
8342
1394
8499
6354
2902
6007
6634
6109
8148
9149
9654
1548
1288
8015
6360
3649
7482
5556
8537
4286
1959
4212
867
2740
1126
74
4898
4495
7756
4811
1612
8880
7885
582
7774
3483
5940
6172
4009
5731
9381
6978
4862
2
1
6453
6022
237
6569
4413
4965
1478
6407
5349
1871
2292
8425
8921
1099
1665
3535
7313
6055
7427
9416
542
5596
2829
6615
6723
788
822
6380
7142
5866
6507
2080
8214
4369
2656
4193
1262
3223
5132
1775
1115
3418
1382
5302
1067
5148
363
8893
4135
1139
7266
1886
915
1861
5665
5912
4595
9442
7248
5281
496
2754
8990
2559
4699
929
7748
6329
832
9015
7399
4265
1727
7517
482
8533
8840
5485
6851
4926
6341
4009
692
8297
4284
5311
5021
6317
3284
3212
7320
6267
5304
3390
9286
9668
5563
462
3264
4072
5259
3054
6031
9883
3960
335
6512
13
6439
2167
2995
5306
2178
8737
6451
2303
642
4164
5067
6286
80
6729
5334
5716
8
1719
9288
8681
1487
817
4475
3639
2390
4899
6077
606
2847
2201
2840
2296
1008
257
721
6905
1990
8017
8038
8217
9084
1020
34
8549
524
1553
2034
6818
4917
6692
957
8068
1406
7842
7567
3598
874
9119
951
1610
1676
8674
7586
4748
1564
3667
327
2562
1611
5315
2629
1631
1651
717
2521
4568
5651
6172
4613
7886
4986
1646
7389
3342
3585
4311
707
3173
7838
6360
6902
7879
7526
6706
5318
4626
1763
1318
6636
2158
662
9950
6616
1561
5023
6945
2426
1776
8587
8771
2245
5120
2573
9387
8976
5982
6240
1626
8511
8403
9515
585
3010
365
8502
7409
4285
7074
2668
8208
8376
8774
4258
939
2839
4910
7751
6703
2476
4645
2412
1693
555
9840
214
4342
8943
3438
4146
1954
7579
5986
9544
9063
1188
3219
3731
9896
4717
6819
9984
2652
8802
2527
4069
2529
1658
2631
5796
2000
9303
8079
6767
9746
4383
5717
2318
8708
8880
196
5871
7783
959
2200
8974
6844
1714
402
598
6366
8831
3711
6822
3503
2308
3972
2791
4824
6041
9100
8061
923
1299
1254
2316
3595
5018
8776
7933
5231
445
3945
2705
5138
5380
3982
6261
2287
6630
1843
7510
9787
2524
8252
3703
2931
581
3468
8609
3160
4780
8277
7019
4872
2456
7617
746
7439
5730
5698
3514
2734
8124
6645
8029
5898
7856
620
8964
9832
4646
667
2204
1752
8138
7763
5787
879
909
1806
9035
4266
2043
2010
853
8559
7902
1050
2002
5798
6241
2744
2926
585
4775
8992
5182
7176
780
985
7587
8928
9004
2581
9600
3548
2771
7452
105
3372
3413
6819
1532
7333
3983
35
2388
4473
4525
2471
7051
3961
2717
4069
4672
1464
7780
4881
4058
4706
1296
4607
4508
7869
1310
8184
6713
3391
9965
414
6633
2512
6579
2307
5661
5713
1502
6135
3551
1181
5885
8769
3422
8607
3312
6176
1897
5828
8429
785
8345
6691
5765
3364
2276
5498
3238
651
6047
6426
6946
2099
7220
2645
3424
8038
3701
9687
3650
7519
9215
7796
4534
8335
4130
576
2625
3456
7920
2981
2537
841
1684
1024
6993
9793
5318
1196
2059
9127
3900
7492
5689
305
1122
9731
8100
3587
4493
6462
4225
3747
1660
1204
9697
8299
5984
3173
4471
9886
7934
1
4288
3455
2579
6994
9774
7710
2695
429
645
3188
7589
2821
1850
7953
9466
4737
4824
8964
5132
5710
9013
2267
9501
2680
5124
4523
1280
6629
1884
98
1771
7282
698
1307
2253
6354
9810
9891
6418
900
9164
7754
9925
3877
3069
8619
6325
7479
3410
8447
971
5728
1940
7342
7067
197
2937
7144
8873
2568
1575
1076
2206
8527
1615
7511
2955
2248
7559
5927
4829
4698
3384
5408
274
749
3433
9927
4874
5549
972
5053
6690
7275
1688
3894
557
8885
5318
9498
8644
7846
5008
9388
1120
5217
2487
2217
724
7514
9924
531
1984
1686
7441
239
6260
8756
6248
5692
1234
9852
5756
534
6920
8039
6152
1961
812
3342
53
9193
8728
712
95
5025
7800
7679
3290
1547
9857
4690
3025
6304
3813
9504
2767
3376
9300
4611
1266
6547
629
1835
6076
5377
2853
2637
9676
3936
8847
9787
7756
9804
1054
9109
1196
4796
8943
4017
672
3123
8441
3239
2197
8195
8113
1872
9162
9145
1834
4721
221
1013
5690
6258
3075
4344
2243
2612
5819
7331
7551
9441
1877
9181
269
5142
1887
8933
8652
5647
5809
3305
53
6786
6458
3511
2863
8591
3722
610
9021
9654
4066
9960
9226
3961
3496
8161
2791
6436
7359
4778
4452
9610
8695
1138
5886
3378
7729
1716
2904
4530
5477
7191
365
5882
2343
211
676
1700
1912
2341
885
2442
4665
2148
8684
793
4149
9061
8764
9509
751
1260
21
910
90
996
7368
2545
5192
3617
5082
5937
9285
4148
2232
775
1764
8606
4347
7623
2026
3176
4636
278
8634
1459
617
1449
7441
2476
8216
4160
9971
2418
6603
1731
3542
5579
740
8299
8269
9155
5979
1220
5207
6743
607
8641
9690
8593
8538
2257
7961
5157
6807
49
1806
1355
7288
8402
1380
6413
4691
2412
7140
708
8413
9315
3826
4911
4746
457
1865
740
3795
9508
5749
1817
393
3585
6463
724
9785
3113
8142
1826
2193
7267
923
422
2834
203
1270
6546
2758
450
9128
2010
2612
5909
1320
6055
2993
4066
98
4202
5833
472
4549
4946
1359
3870
9948
671
7569
5479
4895
5463
9376
5445
3019
666
3262
412
3551
2817
6313
1384
2024
6252
8231
2610
2000
2044
6274
5566
4610
6654
2342
9864
5313
441
3224
2993
4457
6458
6010
724
7846
2622
2428
9486
6036
911
7525
1437
1959
9443
6435
792
5596
9554
1711
2752
1904
4646
4708
8326
2415
5863
8209
3981
4575
1352
9501
304
7983
8460
3867
5223
2218
5822
1982
3990
1600
5103
6447
8999
3062
8304
9068
2874
1597
2083
1363
4057
8209
9901
6672
2641
819
255
195
2430
7241
4997
4726
3157
3268
4942
4541
6968
3298
6318
4158
7718
1622
2304
5491
6593
7333
3856
110
7060
8225
200
1212
9253
9851
7049
1565
4039
2501
9532
2468
5363
2742
1897
4458
7528
6737
9289
8839
6192
280
9639
1635
1893
8925
2236
298
8260
4234
3755
4783
4176
2898
1545
8850
4379
6903
9601
9812
1137
428
2360
2138
6245
1646
6844
817
1855
6799
7234
4978
4742
1347
4513
2582
6363
5551
5897
1147
6886
4366
7160
1031
7510
5014
9950
7580
6019
2267
2575
93
3317
4018
1449
2656
1850
4585
3366
3108
1508
8309
2404
3045
2242
5819
3940
1726
6209
2755
6016
191
369
3930
9200
6127
1740
4887
6062
2579
9605
8912
1417
415
1358
3598
167
7644
9501
7791
6495
8267
6015
5338
8006
6073
6092
8616
2423
9284
670
8241
3832
2525
5453
9188
2043
2830
6780
7580
1187
3662
2810
8175
4152
8739
7425
4248
1468
8135
4291
7560
4462
414
1830
8408
5135
3430
5309
1954
7668
2032
3146
4465
9547
2350
9424
6470
8289
4926
8398
4604
8979
822
4921
1454
6468
9584
1688
264
1726
7032
5702
8556
2540
2995
643
22
2776
7427
3916
9185
1649
9465
2269
2027
7407
4042
4580
3238
7578
9988
360
6689
5447
5922
3002
2983
3860
1263
2938
9622
1367
7416
2685
2739
9201
7717
9997
9132
2265
5017
9250
8189
2311
407
8064
1815
9549
6616
4833
4254
5517
6618
5060
1010
4487
8235
1893
2593
5025
7575
5200
5050
1469
4238
272
437
2725
4538
2669
1138
1754
7791
1958
5215
7405
1939
4714
2861
5997
3728
4637
9877
1987
8904
121
1191
2347
1673
819
5716
7396
6113
1120
189
8232
2627
2344
4810
6288
7210
2826
3424
8354
4750
8768
2109
9581
2165
1635
1717
6359
9212
3458
6067
7300
7493
4560
8376
3162
323
5708
2311
5443
5492
5812
3429
210
9583
5020
9083
8409
3278
7100
2590
459
2301
1416
784
1294
4676
9636
312
899
8769
2375
6080
4344
4058
4319
1853
3421
146
6870
6244
6839
2585
1316
6843
3842
9513
3269
2078
5274
5774
6283
6148
2651
3189
4951
3217
3735
2393
6452
6396
6696
2746
7477
4307
3671
8527
577
2894
1964
4509
2395
8674
7991
8056
3831
7256
5151
7001
2601
8221
105
1521
864
9130
3563
1406
3268
2518
1297
6491
2284
331
4255
4429
931
2438
104
9083
7595
4755
8287
1421
3682
6361
2349
3592
2021
2402
8050
5736
9074
1998
9327
5600
5490
248
8019
4511
5271
1865
8180
6403
8722
2763
896
3442
8217
7761
2741
3238
407
7141
1470
6297
2676
6129
6559
9138
3174
4771
1571
9582
2056
731
6403
9651
1738
198
2122
3008
3177
7264
1783
5353
9824
5254
4595
5122
9823
3162
3876
1226
5436
3434
8481
1962
1863
5938
8774
8429
2579
529
9866
7042
1457
106
7999
800
3646
589
8170
9275
8049
7557
5476
4820
8270
8578
5680
3909
7854
4362
78
2604
6034
4539
5871
343
9813
8277
5882
6226
4146
5062
9438
1261
6039
8645
5049
9970
6648
547
8041
3093
3191
7183
2433
77
4738
5497
9598
4418
2189
4377
1114
4119
2482
9505
849
1849
5638
6768
9043
2776
1486
5737
1913
2791
6801
9395
7226
6335
3104
114
8736
8889
755
646
6263
4651
1302
5218
4150
369
485
7359
1026
144
1987
2130
5743
7688
1761
9564
2616
7656
668
6369
4033
2359
3592
9308
170
2864
7836
4080
2375
1260
3438
817
7614
5863
6961
6164
2257
1196
2012
293
8124
5010
1453
8200
2465
4779
8382
8722
2466
5930
3622
9992
7663
7029
9571
2632
3793
3548
9830
919
6198
6681
4480
7866
3102
9288
7644
441
7492
2665
1052
4689
1154
6835
4713
1642
8046
4683
7317
824
1497
3685
275
549
2555
6810
2906
1983
6743
636
4998
1085
9796
9030
3199
3096
5310
4295
1742
440
250
6256
7965
8733
3130
4763
2526
1135
7408
6367
9855
824
7509
802
1948
5040
5276
9118
613
41
6403
7399
6178
8716
7882
4059
6693
2339
6632
8507
3503
1161
1578
9786
885
5135
8572
8963
7044
4577
589
7904
1667
9272
3646
2648
6888
5841
3052
7704
253
2318
8894
902
3140
2699
5825
3234
5369
2563
7122
573
711
7892
2107
4014
4030
2209
7970
627
5652
6311
9982
7541
665
1250
3484
6688
8575
80
8225
4801
9929
9926
1840
2000
8115
5602
5806
4352
5715
801
6645
2933
1471
9601
358
1573
2159
1098
3314
4738
9892
2665
331
3703
3610
205
2102
7569
3577
1333
5492
8976
8290
4041
1601
1502
9192
9209
7900
5391
1996
6915
8265
6282
1886
7241
9971
2503
3345
8545
5334
9001
5471
8111
9804
3918
7804
720
3317
9268
1999
2392
1901
1742
2830
6975
3273
9544
5226
7288
66
8967
9019
3602
6549
2341
2221
2674
6938
4251
6203
1360
9028
447
3322
177
616
5889
1098
6373
2449
4017
4264
2498
2387
947
8823
2801
6223
7285
929
4519
7079
5104
441
1927
7571
6621
2434
5285
2370
8906
2661
1950
2597
1597
3007
1767
5640
9193
4649
7411
9090
5071
1565
5641
9776
2918
2085
9493
3021
4141
3477
3102
4372
1233
7692
248
6137
123
1111
8139
2501
427
728
1091
2976
1531
6549
6073
100
3581
163
5842
496
2246
6484
6727
6474
319
4511
5093
3273
554
9743
6149
2497
1122
2750
2526
5792
406
7604
746
1449
8487
650
1319
6911
7584
7364
1663
9876
3446
8191
7578
3730
2543
8535
9874
7242
3224
8541
7703
7020
754
7990
1524
4358
9788
6439
1090
1584
3287
4351
4603
5687
9094
1526
6306
1576
2580
4101
7393
7664
7819
8758
3059
1825
594
4158
3955
264
1878
7159
1029
1341
7229
8947
8004
7979
5815
1821
2795
4528
5605
9026
423
1271
5663
8529
5324
5652
8672
9567
3032
4048
3141
9038
3861
2086
982
2255
1523
540
1172
6661
7141
2054
3492
1964
1883
6503
730
6346
2864
7146
5226
8997
5365
4913
4554
9077
4941
2091
3500
7963
330
1963
3259
5682
1624
9478
2084
356
1577
3726
7864
6656
2641
941
4078
7163
7602
5427
5166
9701
2123
6228
1035
254
5804
1212
1232
2201
7326
4277
8495
5951
257
7770
1126
4183
8053
4316
532
8452
5100
5061
8890
7296
2496
1291
4548
520
9890
904
5466
4887
8691
1767
2946
1255
1798
8817
1337
1941
3013
2633
6114
2661
4691
9109
5406
3351
3218
4575
2285
6232
2294
4906
5827
2043
42
664
4254
7705
1617
5899
1543
3751
1824
5259
1895
7384
922
9800
9612
8418
7067
9089
7069
309
5802
9812
1098
9769
24
2502
3255
2007
7038
1509
4890
443
375
9820
8035
4088
7641
4039
1788
3149
5306
9704
2609
3719
1664
5817
6514
2295
5689
8771
3095
1877
6668
526
8915
3333
1440
1850
1451
2089
7964
8238
9705
1511
9727
1023
7292
1965
4801
1299
3698
6018
6825
6837
2537
3966
4496
1948
8835
316
2373
1080
2488
1743
9587
2557
5904
7252
8800
2339
4833
8647
7384
812
1301
4184
7162
8040
8912
7790
3616
8774
9409
5836
5829
9900
8455
9828
6338
4552
6310
4234
1753
1384
9033
1210
3302
6791
2058
813
738
7961
688
1847
6826
4537
2585
4100
7344
608
6344
7717
3824
2681
1232
9398
5670
5331
5394
1634
6094
3415
547
7416
219
6554
7538
1279
1309
4773
9240
5544
7021
5907
1793
484
9802
907
3866
5750
9465
5503
8524
4825
4376
1588
6120
4037
4228
6611
6642
2174
6348
6207
3331
2702
3605
7736
6602
4341
783
7631
6723
1822
4712
7643
7483
3043
736
1003
5635
9699
6621
9933
947
1891
3440
1951
2896
403
3287
3188
2048
1170
1668
4649
8318
85
3966
6504
3082
8020
8118
1613
1187
6101
3709
6135
9815
478
1572
2721
250
1525
1972
8146
4597
314
8400
5345
3329
2455
6391
6013
4180
6966
302
1117
6571
9028
30
1475
4857
8565
8921
8086
3951
7080
5043
7552
173
5132
7935
149
4711
115
5975
7589
4251
2262
3088
2932
1058
7465
8221
2008
7701
8673
787
8642
3795
7843
589
7233
3600
222
8016
6307
976
5068
4274
2334
8196
9045
1895
9726
3427
437
220
2751
5709
223
7784
6526
4364
7714
6287
5131
4460
4027
1497
1538
3101
5386
8963
9866
9239
329
3908
7884
5629
2619
5330
9656
1780
5650
7509
4709
982
8004
6365
4089
3026
222
4752
7528
1703
4329
8167
2543
1169
460
9401
307
5010
3826
5144
4197
5493
9758
9851
6777
8687
6668
4971
200
2614
3610
5282
4547
8295
1639
1664
792
9587
4138
5472
5226
3402
8982
7035
2908
7259
9565
1308
2270
4681
3106
6420
9323
1570
2468
2782
4834
2797
6392
21
612
642
8517
4932
2733
4767
5174
6207
791
5959
6316
7873
1259
7197
6658
8901
3626
418
2629
7080
8171
9147
4787
143
2005
3239
4883
1621
6255
8016
4278
8440
1813
9599
4588
5397
3422
3365
4058
144
3517
4807
8026
6329
7925
8233
116
5372
3600
431
636
7495
2801
8384
9900
4801
4344
4524
5891
1737
5895
4575
1662
2716
691
1478
1270
4828
5885
2770
4282
9229
2673
7051
7470
7201
4334
6294
964
8119
471
7034
8731
2544
4378
1471
3861
6178
6111
472
237
7712
2659
1811
7656
938
102
4831
2171
5056
1745
765
6846
4813
2396
1866
4240
3298
255
5804
8587
4416
615
6522
8984
1434
3468
433
4326
5659
1345
7156
664
580
1643
2004
1917
2328
5477
929
596
2667
7747
5311
1598
1080
1094
2220
5926
6642
5040
8593
2911
1598
4680
6216
398
2591
2992
9165
7800
226
5589
4439
1308
3355
1991
6537
4644
639
9914
7604
1240
7924
2987
6240
1699
2278
1447
2107
1514
8475
5929
3904
2715
8137
9282
8923
8898
886
990
6204
1330
1392
7588
7674
6002
2735
6270
9739
7653
7992
8011
3713
4031
307
9985
6327
8085
5487
6566
1004
1380
6484
2513
2847
1780
9801
7005
4012
2878
3175
622
261
2508
110
5894
8773
2737
167
6634
2273
7769
3801
8641
3600
289
1280
5309
7453
2234
1691
9373
7722
3898
340
5041
6710
9972
2422
4704
1874
2121
9994
5703
9153
2239
3554
6723
5135
6433
778
353
516
2359
1388
9411
936
1031
5987
3414
8905
4476
866
450
6554
1606
629
3346
1423
466
5736
3508
1158
3340
6631
1331
6408
4738
2806
8867
721
7242
1682
2588
5483
2103
3063
3899
2114
8664
8788
9413
7380
5682
4124
2958
2823
5663
5454
9610
7551
1447
1239
2209
4304
5710
9286
1560
1889
1997
1777
8781
2210
1173
902
851
4527
9298
580
7183
7317
3597
8795
5234
4213
1732
8177
489
5639
5230
3831
6673
304
2713
7099
2175
9239
9799
6143
7263
1173
4857
1674
9962
1147
2234
1214
7774
3480
2943
7450
5849
3290
4860
3264
3461
917
123
7033
8139
2370
3626
2296
6961
7834
1842
477
5205
7684
5871
7371
4431
3403
1933
7611
1874
3491
287
7378
1108
7277
3654
5553
5215
9497
1184
4204
3494
5339
6126
3069
5275
1410
8331
5529
784
4629
9722
2435
7373
7918
1119
4048
6946
3435
2385
3691
8253
7299
3198
2298
8190
8263
5359
9601
6569
1961
990
5605
924
3808
5558
1491
4466
7708
6521
194
6343
8120
5015
1335
717
942
2430
2007
8270
767
4221
3458
8803
8882
7454
6398
9780
3421
9763
7138
8241
2194
1328
9604
5393
8988
313
4805
2552
8938
9533
7707
5886
7611
5235
6671
1550
1547
852
6297
2525
6765
3226
9448
4732
2809
2007
6550
6222
7144
1881
8540
1758
8270
13
5858
4427
950
2833
9417
7877
6564
1166
397
7853
2583
2902
2469
2152
8318
4362
108
3413
2973
2959
8101
3215
208
2738
539
212
8463
42
9783
2919
6514
717
7701
6211
2711
8869
6265
9217
3074
2148
9806
7500
4388
2150
1119
9075
5327
7863
9690
5294
2808
1365
5921
5701
7694
9686
9203
7870
3819
3117
6907
3493
4281
9577
7687
5744
854
9182
1884
5156
7515
1832
9463
7970
1785
2125
5079
2070
3205
8723
9433
9346
9862
3091
9476
9606
2908
9820
5991
2131
7059
3290
1552
3984
2712
6888
351
3148
444
8915
1177
7477
1655
4801
6577
7529
943
2515
5172
2394
840
2935
2947
4631
2366
9937
935
6618
49
2570
1872
1052
3904
3289
958
1935
5674
2642
1140
1965
5648
5452
6346
2237
8287
2568
3106
9559
9901
1854
5053
8344
8146
1722
8591
871
425
3175
832
4392
8806
1530
7028
577
250
4691
2430
8092
6357
3759
3024
9789
8043
2258
5190
1460
9531
8035
1924
9796
9644
6456
5676
8645
3288
468
8405
4600
7086
5694
4232
2090
9890
4452
5325
9002
1096
1311
8870
1933
6209
4088
2650
2098
3845
8876
8341
8674
226
2108
3421
1866
7491
5944
6360
6300
997
8717
877
243
4502
925
104
7606
574
1550
2610
2510
7155
3045
480
7211
471
1636
346
5028
6677
7090
4799
6142
1773
8778
8903
6208
6475
3255
2025
276
1487
5710
6479
4575
7768
7308
9174
4805
850
7202
1178
9639
8242
5870
4130
6414
7103
6876
6728
1533
4804
7532
8092
402
1059
38
8889
2221
8732
1868
2119
6580
1534
7614
2131
5030
1085
2132
3308
7358
7269
9943
9775
1275
1582
6305
5686
7998
624
4439
7788
2451
6665
6915
2884
8420
1533
2039
3114
7818
3805
8575
2762
1653
635
294
9505
5854
8829
5996
7201
9371
4640
3542
1896
6195
9038
5878
2146
4691
2115
8653
9806
976
9805
4190
1135
4205
9362
7861
6068
7103
1415
712
1834
8975
382
6541
8417
1952
7247
7276
5612
6451
4330
3158
7485
8295
9883
502
3344
7956
2607
2470
7206
3722
1943
7158
5941
501
2811
4745
382
6532
385
8928
5584
7994
5086
7771
3435
580
5531
7660
1671
5709
428
879
7398
3823
3565
8328
1943
5226
6925
9611
1932
1354
976
4161
7695
6019
2864
2394
3440
2144
2484
7182
5858
6894
2851
6168
8343
4114
4746
4917
5801
5762
3581
8489
11
4146
5867
820
671
8205
9221
2419
6841
2423
8368
9625
9619
3745
4296
1904
1842
3405
8583
9978
1801
8130
39
9773
605
50
7828
1823
9562
8426
2694
4701
148
1289
8285
1058
3391
4565
3598
7399
6771
3371
4062
214
3306
5397
2908
9603
3100
3825
9731
2365
8158
127
4031
9089
9670
8235
657
10000
9042
2556
462
2386
6313
8556
1421
1595
1265
6250
720
6285
3011
2988
7106
4206
413
1432
2755
444
5014
341
4384
5470
807
45
1542
1548
1432
3638
983
8850
1465
2978
5070
6881
1762
8211
6048
3830
8284
1171
5045
4975
1602
2419
3957
427
5426
8274
4454
1842
761
2241
101
965
4622
2084
9234
8743
3773
1883
3969
1084
4119
6018
1262
4913
6199
9334
7585
2476
6809
5977
978
6293
9494
3464
8479
2709
8435
9387
1340
8141
3803
1164
154
3835
3913
8108
7563
7497
1019
2642
9413
5495
4356
1205
2037
5674
3009
8893
3318
20
9262
1588
7794
7221
2857
4739
6407
9266
2359
4202
8846
7846
5749
3872
1384
6839
1986
2556
3546
490
3948
1779
4523
8649
664
7875
4188
2516
3094
3439
711
5030
900
7660
7482
7209
2609
8283
6422
556
5717
8121
2355
9156
5728
5011
1879
1585
6048
7534
2455
5635
2551
1973
1149
7660
1595
8564
9994
5720
5504
181
7405
3850
5347
7049
293
9864
584
5722
9076
3115
1559
3582
3812
7200
6546
1582
526
4690
603
2184
2281
5003
8803
1026
1312
8488
2998
4544
8296
2493
6805
8679
7376
1673
755
9651
5801
5723
597
1030
6792
4021
9604
8994
3417
1264
7461
2937
1926
1617
8523
7155
5881
362
8362
4624
3375
2100
4623
1358
3421
2507
4479
3613
7543
1466
6413
1329
1838
5017
8448
8840
2170
6436
4100
1501
7929
5870
2479
9084
5319
2838
9975
3526
6062
7641
8867
3575
4175
5544
3519
3287
6258
4059
756
2014
6699
6741
1671
9452
8958
2138
8081
3368
7987
1295
2127
9750
9597
1393
6522
2382
1816
441
729
4955
2193
9694
1638
1041
4123
1948
9567
3347
5951
7908
4318
1572
1043
7091
4251
2892
2574
8407
960
6717
6123
79
1901
1127
1692
3442
9261
2008
9937
1523
7688
2760
1898
1844
5515
5301
9337
3913
1013
522
2667
1742
7524
4021
6952
2651
6399
3721
8056
7606
7765
6113
5865
5882
3398
1750
1279
4552
4048
6099
8379
9259
9517
2534
3824
8032
4714
6986
5041
1189
635
8067
7598
177
254
58
7137
4101
8733
1050
4564
4914
88
8362
3910
1275
3266
9244
910
8651
8986
6837
4942
1834
3246
1373
411
4668
6507
7385
9404
8539
5112
744
194
4758
531
1659
23
8202
236
7193
5050
2432
1505
3697
1593
3207
2681
9969
5232
4900
3093
4294
369
9046
4276
5109
5124
623
3542
4602
9698
1264
1188
6511
6460
3956
6669
4224
5906
2257
1652
1500
3488
7498
344
6398
427
3640
1188
1788
8845
3849
7368
3664
7277
5706
2535
1078
6915
7857
3220
165
602
7982
134
7601
7895
404
2355
2736
9721
1346
396
3756
9345
3303
309
6936
1028
7845
2857
8535
142
2981
2027
5257
154
5467
3552
7047
1295
1867
4923
5185
6973
620
2664
7750
2553
1965
8797
2836
3812
6629
5646
3553
5875
1039
5393
9833
1419
1638
8433
8312
8539
2237
6502
1738
1967
6995
3989
3361
9265
1236
8948
5896
2770
7187
1249
1126
1210
7895
3652
6980
5165
5347
7713
914
127
523
498
263
2568
6916
421
5192
11
2955
3906
891
6484
7801
7808
3564
8384
9781
7576
880
7666
7930
1193
4472
6739
1610
1022
5512
937
2515
6973
2905
7404
1266
5282
5755
1781
6118
2459
4751
3255
6166
9333
8388
5954
405
9031
9936
7237
5476
2301
2146
7669
7481
1704
4966
1964
1759
4228
9432
7395
926
6634
2556
4034
2476
3079
1725
9303
2228
8253
1301
758
2598
9864
2253
1729
8944
52
6261
7128
5995
1069
2982
6194
9944
982
4054
6268
1149
8574
3788
977
7755
8272
1636
139
290
6443
5941
25
4311
4338
657
8801
1604
724
5629
9800
9792
6093
5058
1456
5938
1038
2868
9601
3808
6668
6385
2828
1212
3045
9819
8299
6882
760
3417
8557
5003
7140
1291
7936
1974
2849
4605
1920
3303
7423
4014
9104
5408
7980
353
6342
4063
1354
867
3355
9800
5392
6414
7539
6917
5839
46
9546
9339
1336
2675
1456
3839
3388
246
5511
9833
8756
9199
5674
3671
6386
790
7680
7093
3832
2136
4465
6060
2072
1164
328
7497
7691
9031
2858
6319
7142
5949
3382
8399
7305
153
2029
9255
8154
1471
8788
6888
7090
6464
6647
8381
3254
1693
977
5625
137
7440
1226
80
5232
5831
799
4249
1398
6162
5032
2706
816
288
342
645
8804
8101
8956
6794
5318
446
6751
7148
4019
2696
2449
2800
2882
3117
7386
3395
6215
3728
4120
8436
7625
3756
9689
722
7175
168
262
759
2711
4782
2835
1509
1567
7501
4708
2768
744
5003
5794
7932
239
4622
1709
9224
2109
5501
1636
3340
1450
2738
3364
367
4189
19
9326
6428
4055
5985
9612
4853
2354
2433
3444
1432
4164
842
13
4881
9512
3629
1410
9873
7582
1548
6854
4110
1457
2708
5863
8939
6362
476
2965
9273
4611
3747
3908
349
3903
6213
4097
1828
6792
6895
9394
4165
761
6579
4929
4998
3150
7166
9273
1378
5176
440
5793
3609
3429
955
5146
6984
3231
3384
7956
1018
5027
1958
582
3087
8646
492
1293
7149
1219
6945
5316
9540
8360
210
9461
214
9634
1572
9695
2471
517
5307
233
3569
1441
8810
902
2043
8241
2172
4393
5627
790
2322
5594
5786
3043
1661
9801
8743
5578
6479
7715
5166
1256
429
2948
3482
1692
2392
3164
2648
8397
1661
132
8463
9197
2729
258
301
7640
9056
6587
51
3698
9328
5369
132
224
2370
3709
1466
6261
1745
6039
1962
2112
4669
212
5753
5732
1362
2038
5790
4745
2677
4778
761
1313
1519
2215
181
7741
4990
2643
3707
7536
5352
970
1127
612
2929
3665
1566
1644
6878
8839
9696
1962
7402
7101
2139
7378
4266
552
784
2783
6877
6181
1562
8853
9110
4876
6187
3222
6892
1688
7401
2536
5121
8102
1546
5767
690
1339
524
8247
5599
2075
7609
3597
3532
8792
9144
1471
4775
8648
9830
1336
3211
7370
1655
4865
7316
2058
1672
1596
3188
1107
8871
2611
4021
2644
8550
4545
4511
6662
1211
5646
9516
1885
6555
3713
7771
7645
8505
9297
4450
5375
8441
4829
9368
7939
4298
4381
7538
9448
9459
7672
9340
4843
5549
1959
7018
6813
6002
8634
9215
7816
1732
8793
8125
6274
5169
9070
2494
883
6117
4130
4436
9956
5440
7748
7308
2968
1370
6113
9064
144
1220
160
5708
2329
1793
2926
4201
1304
9382
858
5593
2314
3277
161
506
661
928
9260
2655
5683
2036
5688
3763
720
7427
183
7727
1329
7215
5221
3533
9111
7476
9534
7998
4021
8893
7070
3546
5918
4714
5801
1478
387
7809
3132
859
2332
3554
3939
868
5780
6015
2909
6583
6170
7083
2285
7288
149
3106
1618
3243
1495
5450
169
9577
6934
5065
705
2612
7863
1335
1951
7902
1595
8677
8611
8503
4287
1614
1131
9558
5935
4733
8407
6634
4987
7631
2573
6929
348
4474
8894
4536
9848
9518
968
852
804
8219
3821
4081
6218
3588
7860
2937
2684
6163
5647
3415
3095
6988
1693
1580
1931
7334
2320
1074
7722
5607
9633
6320
6639
9215
9859
9949
8593
9065
1973
8200
1928
4893
2860
4055
240
201
2145
622
8028
242
806
9619
1036
6565
2079
2368
2273
8818
2927
3880
6800
860
7648
3870
6454
6618
6535
8834
6795
1250
3287
9501
4858
2390
9013
2687
6592
2143
9020
967
1955
2282
1570
4563
2261
8848
506
9480
329
2186
8796
9684
4821
1013
866
6722
3784
5666
164
8431
3694
7617
7846
1371
705
1103
7152
785
6579
6461
8302
8250
2586
1652
2938
8046
8331
4581
7399
5821
2186
9062
3871
2702
4560
2538
1903
3526
3646
2271
8432
1099
3169
1950
1418
1929
534
2191
1365
1509
608
748
2640
5488
9064
806
8053
2222
2677
3357
9404
7495
4956
6300
9616
2270
7897
4147
671
1664
9311
2042
8245
1551
3740
4114
8139
2496
273
2670
2188
370
7568
8674
4745
4433
1558
203
2045
1593
8908
8079
4307
9342
6777
2150
3943
5611
1354
8937
8218
7258
5076
4746
8490
9620
1336
1748
6673
4201
5801
9253
7677
6306
2683
8921
5696
1108
4028
4456
4793
6856
8039
6659
5491
4938
6806
1787
1212
5070
7160
2243
120
7930
1796
7079
8967
256
9293
4109
6820
1370
6790
3882
1264
2299
1352
9016
3871
1971
3153
5111
7089
9987
191
5858
6403
2130
766
2851
4999
5343
3886
5482
3089
40
280
5434
1460
6299
2818
2692
8445
7067
6706
4359
6669
1990
847
7032
8781
516
4942
639
1709
6386
1196
2979
557
7503
7095
7143
864
3478
274
3380
1134
4222
6200
3129
2505
2943
4528
7841
7010
1398
7266
3716
5756
4138
8618
1584
4465
6208
3658
6441
5109
1036
453
8638
5368
3609
8025
3390
8047
7179
2476
1211
9397
1539
5179
4879
6782
4962
7215
4908
812
2129
1216
9144
7910
9857
6750
7368
8869
5551
4590
4844
1265
6810
5842
8460
12
7272
9581
4481
5005
3733
5749
7559
319
7326
9402
3393
3723
557
5
862
8212
9606
5092
4763
3425
5377
1974
1321
1696
2713
1282
7872
2297
1700
4349
9683
4801
1284
6043
5766
2176
8318
8293
1550
6405
1192
6540
7241
1976
280
509
446
3168
4603
918
1621
7350
2052
1192
7529
3786
1669
1069
8941
7845
3282
7595
7326
111
7172
2714
9527
913
8460
2947
5626
4061
3177
3594
222
1101
1499
9901
6180
8010
2169
7277
463
5646
3584
412
9555
1579
2364
5079
6700
8461
9788
4615
6946
9150
737
3155
9436
89
9576
7192
2771
6993
3129
283
296
5410
5006
5070
9433
2360
6087
1009
3424
1792
4333
8587
9804
6043
710
7162
1188
6682
1802
7383
185
3494
9283
253
4395
5023
3898
379
2047
1736
1327
120
9584
8432
6712
2007
9348
8676
8879
7211
640
2947
8245
3773
8462
9283
2427
7723
2141
4258
5027
1443
9226
2015
7778
2385
1934
1946
2617
341
296
7657
5092
408
5437
141
2115
9649
1149
7781
1799
7539
8104
2721
4383
6969
1792
3465
899
8197
6224
2159
7520
8052
9565
9185
6534
3414
4813
1844
5438
2941
438
9726
7713
6708
3831
9731
1829
3267
604
7795
376
1904
1502
6705
9698
1047
9370
3590
6550
1037
4260
5031
2457
7570
1707
2309
758
9301
7182
7684
8258
8060
5935
8510
1212
2836
5975
72
1590
3846
1258
7973
6106
1243
1757
6938
727
3521
8549
259
8539
6958
9537
2276
3670
3300
539
9825
1004
8726
5659
578
6555
9146
797
4641
9117
1935
1700
8790
560
1473
5503
4869
1989
7515
8410
4678
1894
9309
9992
9670
4763
462
6736
4204
4574
419
5957
9167
9950
4160
5483
1925
929
7054
9575
1583
3694
9870
534
2724
6410
9181
6273
634
4224
3705
7935
396
2742
3507
7675
2553
1854
4309
232
5881
939
8742
8402
1669
5621
1867
9895
1271
9870
5585
8438
8400
1477
6296
7238
6857
5771
3570
4282
3020
8821
1052
9267
1012
7937
316
8887
3538
7948
5052
6865
1586
6419
8262
4393
1501
6473
833
758
143
4216
410
3024
6988
9435
1894
5195
9231
2092
2487
9089
7075
7754
4589
8271
2662
4493
1343
8691
4555
9917
267
2100
3743
9791
8074
994
2893
2465
6599
2400
2054
7161
6306
592
2075
1577
5600
4717
3261
3941
117
8030
6216
6200
3140
2202
698
4547
1142
999
3130
6136
249
3864
7831
4951
219
5814
5679
7831
1272
3309
4194
9783
6528
8939
3989
3412
5677
5812
2651
542
5283
8986
6689
1911
1016
8012
2457
5355
7830
4732
9625
950
159
7013
7476
8147
1377
2540
9754
1
4138
1670
5740
5515
3437
3643
3123
887
341
953
6481
7934
9754
8684
7575
7534
3554
5117
649
2061
8009
4889
4463
2975
7876
7795
8285
746
99
8172
3382
7912
9349
7058
2316
5676
1264
9127
2699
6984
9905
8467
1351
2815
7169
1629
787
8295
2649
4326
3811
6625
7383
2550
9204
4027
9537
7691
5082
2005
5113
1951
4891
2004
1010
4281
5995
6708
2722
2055
7078
3425
1865
1915
3077
4231
8577
2867
3835
9848
8454
6142
8623
4430
6295
1035
2704
5730
606
2340
6372
764
7021
7500
8209
1452
2553
2308
3599
1865
1323
3476
5149
7896
8580
1784
8387
6351
6897
760
4296
2122
6608
5229
982
445
8034
5281
9419
7371
6498
1543
5409
3751
9364
3451
7328
6938
129
1498
2865
596
6290
6677
1398
5126
5131
9954
1529
5695
7995
2516
8115
6549
9312
5948
3230
7526
2224
7999
3869
8048
7493
4794
1898
2814
2025
1748
1840
5108
1987
211
6282
6397
1488
3794
8683
274
7621
3537
7664
6670
6836
4813
8531
528
2558
2354
5233
8113
1432
2446
1710
55
1056
1287
9223
2153
594
7648
6937
4115
3558
5432
16
3420
2652
4740
7155
5542
8715
3806
1166
6038
8566
8717
4383
197
5057
9895
7766
2534
2866
7957
5894
7193
3979
4374
5521
3855
9767
9718
643
3615
2371
3840
2221
936
8463
2738
2565
9096
6565
3424
3932
8445
2969
299
2881
3194
2081
3716
820
9004
1144
4412
4973
4766
1309
4333
8142
2361
1649
4302
8278
2000
4209
1811
7496
571
6705
7092
9035
7841
3114
287
3235
892
4468
1712
1296
1432
2696
8656
837
5325
9983
5003
7564
9581
1887
1142
2584
4463
5752
3825
3531
3629
345
7114
9657
9067
5337
2114
2444
5721
8562
6452
1097
2731
7664
115
4196
7255
5915
947
1776
4415
8817
699
7881
8879
41
6169
7397
377
6227
4022
8456
7135
1379
9980
8967
8289
4191
965
5344
4344
6903
902
1528
3970
6261
7052
7285
47
85
4821
2973
7083
3414
1315
8510
9709
6658
6012
6511
1598
1867
8406
9638
7119
630
7569
7676
5221
3276
1812
2047
7894
3150
6781
2215
1432
6906
3540
1867
5159
7340
7599
4052
9256
2486
4443
6561
2317
8114
8665
1373
8584
4407
3799
9262
5218
747
1201
1711
9198
8
7208
769
986
7810
2466
61
8134
8119
2209
1006
9449
2536
4600
5549
3680
6616
988
284
3991
4578
1816
7110
3069
1920
3107
7879
739
7097
9125
1752
7446
8138
6408
7022
9741
713
2188
8420
8373
5829
3470
4438
1275
7090
2537
2752
9289
6564
2397
7989
2453
10
79
8068
5750
5421
7009
3336
5561
8841
2052
2159
2307
7131
3052
1918
1783
7179
947
2627
9867
604
1040
6427
2198
674
7817
9093
9068
4963
6198
8054
9693
3857
5000
7806
8603
5031
2266
1851
1995
1698
4855
6509
2942
1090
5788
3865
3472
3553
9599
4466
2688
7651
9185
9605
8050
3983
3776
8292
9425
1853
7696
9990
6441
2128
5050
9100
4260
6582
645
6935
6626
4109
6565
360
4703
3224
9345
5176
5440
9971
1465
7705
9262
5123
5480
6668
6166
1505
678
2213
3584
4681
8273
7837
7695
3550
5630
8406
3240
2241
8298
6004
4774
8305
5910
185
9757
2453
1762
5457
8750
4824
6792
9792
2667
275
3581
5913
9852
5986
5716
3008
8192
2768
9860
9538
1656
8948
9066
9700
2880
7120
8082
8233
7727
311
1314
7208
8162
6800
6087
7149
8740
7528
9989
159
8336
5004
2153
8466
3914
8423
5777
8206
3947
5609
4926
7567
795
9097
4617
5102
3940
5437
4
1168
1045
7175
5362
9102
5092
8929
4217
8293
5016
1293
5159
1918
8517
4150
3171
8289
4665
9147
9141
2853
7735
7341
9257
9995
3554
4103
1232
4252
6764
4349
6312
720
1791
8664
4797
2753
5308
4449
1359
9759
387
7580
3334
166
1650
4424
227
4940
1617
1204
3785
5679
3261
3972
1948
494
9875
9555
4793
7703
4048
2891
2566
4561
231
3875
1595
4267
4226
840
7729
5253
9164
8880
5242
9213
5759
7179
6386
5277
1321
1434
148
7394
2117
7221
5408
5569
1207
4839
5339
757
1912
7501
3175
7036
899
2927
1893
3426
2382
222
2392
1310
7165
8703
3004
2588
3987
1174
3559
59
3531
470
62
5160
5479
5144
9819
4554
4966
363
2606
2399
7755
9259
322
7015
7068
1429
450
4768
7128
2121
2187
2833
6172
4353
1203
7500
1832
2578
6970
1805
5037
4432
5056
2584
7946
3206
8680
2386
72
4790
491
830
7938
6654
1200
1739
745
1548
2794
6508
2007
3476
34
2024
2242
8623
5815
371
9908
2198
2388
6941
5832
5999
817
8025
935
9815
4332
8529
6948
577
5353
3464
5637
46
151
2976
2676
8173
3078
8846
1844
5861
9398
9450
167
865
817
5147
9487
2715
587
9186
180
3340
2729
757
9286
2482
1361
9120
1988
1203
7712
9703
9148
5506
993
1935
643
8288
5148
8429
423
5492
1518
207
7939
1454
3272
1146
1427
2520
9498
5092
8313
8414
3105
2035
9119
3360
3198
4821
3086
8405
2249
2626
1886
2675
9158
6046
95
1596
9783
8355
2808
3226
2018
6063
3358
719
8244
2442
8935
9110
6518
9579
1967
6974
1183
2331
5514
312
1051
4666
2411
4943
3339
1760
5157
6904
2316
6647
3520
4362
4684
6471
255
2863
458
546
191
6619
2190
2322
5874
4621
7897
4863
4381
260
3134
1333
366
2003
4977
4981
2563
136
7822
4155
9847
5418
6989
7904
4910
5569
4485
1537
835
74
9087
8320
5407
7067
1261
3289
8461
8596
7658
1528
4764
3303
4819
2409
7925
1113
39
464
413
6025
1163
5002
1965
7312
241
1283
4224
3530
745
4297
509
9636
4088
1345
3014
998
1305
1529
5264
756
5906
222
1060
2159
3496
3679
5861
8353
149
8641
7107
1209
8520
4245
943
7395
5214
9383
160
4812
4721
4712
357
4804
3262
2717
5756
6677
6794
5209
9971
2692
519
2729
1021
1141
1652
4175
1431
2916
1459
9874
6987
2545
7520
1044
7493
6811
62
4867
2916
4240
4595
1956
1043
5171
487
61
5113
2320
201
1713
6925
637
8227
9826
7294
1121
399
450
4243
5865
1738
7354
5902
3448
7176
5471
8518
9647
9016
465
6965
429
9945
8886
9423
3273
9117
2135
1300
2702
2621
2105
4520
998
766
8959
2337
5690
3314
9966
1792
2905
9298
9873
8436
7287
6202
5118
7739
1863
6853
7272
4443
3020
2811
3110
3632
749
6888
7765
6038
3624
4847
4969
7338
2056
8718
4874
4572
537
900
2172
6696
7147
225
3519
677
9525
7469
1257
6764
6829
7196
9216
61
9909
4927
5917
5232
6648
6542
5837
9784
4677
134
4265
6780
9498
7677
7913
6696
1301
590
2965
3921
9112
9457
8284
216
1115
6313
4376
5089
2550
3141
289
1733
5551
9423
7809
8133
2961
4137
6377
1727
942
362
7010
2134
6421
9315
1254
4605
183
3974
223
3556
1191
4169
8688
614
1265
9463
1411
9026
4445
4936
83
8873
7123
6355
1276
8600
784
4577
3935
9798
8522
9875
5594
5039
3329
1382
8135
5699
407
2342
5508
6345
3185
5921
7619
6936
8510
6110
1283
5543
5336
2302
3790
6866
1128
8241
2484
784
5855
2236
6969
6196
7314
7178
7162
5025
9829
6640
166
1649
684
9446
2362
7079
5070
1282
5261
2980
4107
9607
9358
6727
9919
1038
6667
5368
6791
1763
6819
1191
4084
8644
8461
9088
8237
3238
843
3970
8474
1161
4554
4560
1823
2124
3547
1208
8693
7363
2935
1282
5871
7464
221
7019
299
5793
6800
2771
2664
3297
1648
4211
8791
2032
6997
8147
3237
3183
6675
1643
919
2631
266
9112
4583
754
2734
2066
543
7357
2023
8652
7107
2427
4905
3211
8756
3453
646
3434
17
609
8018
3821
2401
5017
6760
1781
2511
3534
6684
4628
4533
5444
5712
7649
6285
1567
3883
9806
4515
7766
3974
7864
7678
1400
9193
2751
3905
9756
4726
8759
2221
1165
1731
7421
282
7990
1998
7134
53
8810
2108
2933
5788
8375
8291
9555
2504
3260
9097
8004
4682
2872
1373
7663
5705
9909
7012
5438
2843
8214
8390
3344
7058
4892
9498
3691
6905
1887
8095
2854
8111
2155
637
6149
3027
5209
6539
7414
9841
8688
5234
4284
4219
267
4098
6601
332
4252
7044
658
9001
8417
6592
3294
9945
3111
15
271
2454
3725
2195
9092
2724
9178
9174
4526
3074
1345
1824
3617
8687
7635
2829
2461
6479
3621
4863
3662
8958
9348
9952
8449
3220
503
1578
6217
9017
4069
3962
1616
683
8294
5346
6433
8189
9646
3839
2358
6322
1655
5578
8221
459
2349
7170
5937
9454
4384
4746
2102
5544
9814
7311
3972
9283
7920
2270
5688
667
8478
5699
4535
3821
3700
5892
8037
2594
255
2735
134
3339
9859
7602
1090
2061
9239
4458
7694
5775
7316
4893
3912
2305
4425
2683
1971
4543
4658
3810
6788
7846
5674
6034
6492
439
4127
7778
264
2282
7397
2112
7925
7636
5758
526
5288
6956
8872
5643
4141
8250
487
2047
9821
9713
4421
6075
7846
4832
5255
784
8870
4531
2994
3296
7303
9279
1534
7778
5442
4621
1625
2969
8157
6294
4159
1511
8151
9633
1513
5358
1269
1561
5283
248
2062
4802
7971
2247
6580
2317
326
9535
1716
186
6397
3955
1904
957
3961
8269
170
3540
3186
1058
8372
9336
5950
7157
214
7299
4352
219
192
7793
863
7439
1600
90
1865
4103
1046
2110
8264
4775
4918
3602
1539
9236
350
1802
4456
8924
5321
2919
9257
7507
6771
4195
2564
289
1822
2027
1511
523
7140
3677
2468
6094
8142
1889
898
2068
6468
1197
6308
6816
8502
3523
3773
4044
5051
4478
7684
549
2199
1501
3941
3733
1138
2943
8744
401
983
304
9574
4084
6235
3347
3113
7052
127
304
1251
3012
5958
3967
9474
6034
9531
790
9842
801
3533
9056
548
1250
6380
2447
8270
9294
4377
9523
2546
4287
5513
6251
979
9632
1179
8347
4662
1217
266
5391
8806
7488
2212
9455
3322
5637
8268
6195
1723
77
1213
5785
4336
265
2176
6548
7436
1271
4512
5288
9803
1569
6428
3940
8936
2341
796
2094
9523
2326
8
2069
834
800
1350
4099
6725
4433
2018
2625
14
4422
5859
6784
2577
1364
5403
4549
9096
425
4686
4533
2426
241
9015
1234
9741
4909
4568
8180
5113
5249
4001
747
2607
1933
771
1747
4634
4062
1285
8457
549
5606
358
1582
2110
3914
7844
3754
7833
3962
3165
7890
5639
5590
4532
7021
7688
942
1558
2068
7695
2155
3933
4552
2486
9085
6836
5352
2546
8997
8076
323
551
7380
9951
7114
3087
5650
8324
6954
9623
3843
563
8937
2443
1272
8505
1214
1235
498
3181
9398
6846
2508
7459
1477
2366
9674
2721
3578
963
9308
5905
8646
4173
4407
7767
2189
4508
4374
3331
734
139
5709
5385
352
9149
1007
6895
1981
229
3920
1510
7684
2684
5213
3741
2233
7231
3098
3954
4192
2007
2364
7018
7642
8030
6105
2052
8559
7614
717
1929
5469
284
4415
8486
527
8149
4114
8237
6817
5287
6928
969
4611
339
5396
673
1325
4530
2439
9486
2371
8342
9438
2400
7016
2898
5569
638
4311
9724
911
6381
9791
4050
4032
5844
1423
9611
2747
1501
5939
7344
2762
8333
6974
9323
4859
7656
8745
1406
9992
5087
7930
7638
6328
4539
264
6482
7879
2015
3246
1471
1252
7689
3358
6198
7850
8553
3480
9784
1890
4389
587
8104
5574
8268
7275
4154
2696
58
3812
9163
4500
4411
862
1953
4436
1891
1905
644
4563
7021
8267
6798
3636
5587
4080
7343
2836
2830
3473
2691
9357
4414
1328
664
4268
7788
4354
2666
837
1982
1334
8801
2229
9003
5798
47
761
9952
252
2482
6365
1618
9687
7425
5559
6852
6429
565
3478
11
8354
5669
8565
9520
5914
2278
4196
1798
2764
3234
6809
7342
7145
2713
4818
4455
9243
598
2366
7417
3568
7716
3245
4116
5225
8384
1814
1460
366
8640
2408
3784
2485
2132
2994
6387
6963
5436
7158
4786
625
315
971
7712
866
5755
4195
5319
5109
8992
4685
1719
7750
4529
1612
716
10
788
8327
891
2411
8505
7009
2956
2096
6043
7260
1503
7040
4018
4170
1896
1768
8908
9285
1709
380
2477
3200
194
251
2228
445
4562
3110
8033
9856
2737
1041
3524
8323
5360
7339
1255
1116
4225
827
6367
508
9019
811
8831
8233
624
7434
4557
5006
1149
4589
6057
3889
5569
7861
2315
742
6386
2055
4732
50
1085
2727
1560
627
3820
5414
3219
542
6637
9727
6458
7480
2896
124
379
6025
8049
2430
6119
2526
7655
8957
4902
302
3052
1309
2876
6736
6367
5249
9131
6251
4550
9652
7641
9661
2263
6230
9348
4784
1593
4483
1907
8522
7526
1691
8862
6212
4676
2813
2993
765
517
8901
8812
2927
2139
8600
9775
7955
2416
1613
1589
8961
7045
2735
590
9915
4345
7632
7058
2554
8381
8192
7154
6808
7109
2175
337
1136
593
975
3427
2547
8829
1933
52
1469
9142
7921
492
1223
1182
3859
7698
7902
370
8609
9775
8707
6298
8495
693
1780
1408
5822
1648
1116
3509
7568
4395
7895
8240
3947
677
7992
7656
8284
2277
9310
1029
6558
4748
8964
6354
5722
4443
2008
3141
3009
5109
1727
2017
3177
8758
9607
204
5284
6451
7516
1165
6583
3716
31
713
1705
8544
7284
8030
1979
1608
4587
9887
4743
1110
1970
2049
6427
1271
6665
4629
4616
2583
4726
2440
5366
6684
9625
3879
6363
4870
450
4951
7260
8981
2002
3459
8866
2443
4512
5255
3601
8323
4653
7389
1813
1459
2793
3894
4526
1790
9240
9228
1213
5965
3519
7237
7007
5135
180
9434
714
1822
7189
1241
358
6724
1319
4280
9150
2798
5522
3371
6455
2400
7770
5863
48
2681
3426
4552
1290
9305
780
912
7993
5104
7828
4817
8300
632
7758
1757
2938
4469
7837
684
5966
1484
869
1630
1988
578
7299
5153
4868
5207
4188
9989
831
3282
4851
9886
87
5743
1551
1546
324
391
6364
5092
468
4926
3601
5320
9507
1586
5330
7127
9659
9186
5526
8014
381
8366
9660
4882
2497
3342
8906
6798
8491
6774
9190
4497
1470
3800
9336
882
5445
2762
4511
1173
8528
1161
8163
2482
4300
9726
8204
8692
5270
2688
2145
2127
8577
986
2483
5574
5717
4799
5067
8444
3691
9979
8625
4489
5319
2028
4527
5487
5237
9233
4949
5982
8519
7714
8350
725
8605
5984
5059
2233
8726
4541
6798
9483
4391
6575
8482
6213
4698
33
569
7733
5576
3035
942
7470
2537
4212
572
2587
4523
4597
3190
2869
4738
1583
281
7111
2815
3536
95
575
3140
4226
3701
6248
8583
4884
8735
2823
629
8125
2523
4290
9625
9390
9523
9783
9517
5527
9063
4524
7232
9725
7578
9459
5272
2235
6524
9361
5802
3334
344
3582
952
8150
126
8175
1018
5137
7156
7395
5728
618
8953
8395
8727
3034
5050
6510
1978
8078
3576
5995
1931
3266
4826
4880
6466
6059
8863
7546
7237
2411
5670
1550
5625
6881
8722
8904
7272
8175
4952
7890
3235
1520
5403
9912
3178
1273
6570
1465
1129
9199
2439
4048
2901
2714
1708
4227
5688
841
1066
4092
5273
1110
1538
4583
8880
683
9655
1659
9256
2613
1699
9308
7414
3463
1097
6592
681
1954
5963
2737
6434
2084
2125
6387
758
575
7833
1334
1329
9596
7813
2077
9933
4783
9010
5984
692
9517
6774
5856
9059
379
2573
9849
3551
8776
4475
1308
6348
9006
2405
8846
3916
5157
1088
299
3525
5433
5642
4303
8342
6733
1304
1398
346
7631
911
7794
366
7502
5912
2190
6176
3946
45
1985
5193
6714
3193
9284
1629
1364
1744
887
7855
1001
9769
961
2170
9182
5941
9975
4398
6354
7419
5375
4120
4397
9506
6326
9925
5686
3811
2014
4744
1864
4957
1387
9674
6230
4123
864
6449
6812
6052
7622
3557
1896
2289
5901
3998
1496
6836
1158
3730
2262
1254
6912
2430
3137
8817
6625
5186
2046
7504
1800
3538
463
8213
6305
5354
3203
7817
4280
7075
3679
6841
7617
115
4282
7518
535
6489
5359
2029
2164
8825
6878
1585
1265
4933
9684
1238
6942
5757
4253
2168
5908
5975
9383
6315
9881
1619
7673
6812
116
9945
835
151
9873
2116
4296
5242
9863
7298
2601
3594
6040
428
628
1941
1577
4852
3181
1992
5331
9501
4139
4962
5514
8415
4343
1368
2300
6106
9376
2858
1307
8907
466
7622
7662
701
9464
7228
6773
3186
64
8130
2876
8611
5327
5064
6114
8355
1620
6366
3050
2538
3233
2261
2449
3553
1607
2772
2481
250
2209
6924
1446
9682
5300
3726
5760
2505
2549
1691
2040
8321
5131
604
422
6165
9719
7380
1026
6252
770
786
2857
7550
2758
2427
898
9798
2447
8295
3618
6504
2531
6427
941
5398
1376
5768
4910
718
468
1601
3257
7046
4035
1586
6239
2442
2245
7295
6514
6757
1406
6203
9017
2702
9794
1963
7397
1893
9752
5770
9333
5583
8094
2462
856
9358
814
6650
130
4020
4303
3605
1440
5577
3551
8939
1087
2283
2736
6899
8969
2726
8688
1937
8994
2725
2189
2125
1906
7527
4185
1395
7524
1989
6347
6412
4606
1202
3510
2109
9634
7652
7597
8031
1653
7539
8231
1663
9997
4320
6256
263
1601
8888
2784
2908
4523
601
9184
8921
8433
9027
9722
8668
7589
8482
7201
7807
729
9052
9905
714
5911
2342
5287
2727
7920
1196
1476
3286
3971
976
9262
3442
1040
2915
9943
1332
1613
7570
6946
3735
1642
594
3652
2219
7664
1615
6424
5390
5647
7362
6518
6632
184
2609
4772
1989
5544
4987
8924
1240
5511
2932
7904
3406
5199
7118
1420
7793
9473
8665
5804
8239
1316
9372
1038
8442
4623
6196
7784
5424
2601
7996
413
1326
5183
3998
4844
1025
486
3689
601
4717
5858
9124
8033
9106
950
2913
88
2939
6045
9942
1317
2249
6824
8840
3024
400
4072
824
3674
9551
8255
2995
1966
4630
6834
308
9527
9795
6594
557
1539
6814
7756
2279
4118
1478
9213
4662
6594
3019
3545
5712
7669
3101
958
959
4067
5684
3125
2356
1717
9698
8857
6271
2098
9207
875
4668
4238
243
4532
5184
7313
7921
2684
8917
8633
2370
1563
1362
2130
9879
159
9615
1508
1811
558
1256
6398
256
7628
8671
930
8705
5774
9143
5041
3320
3472
7390
1320
5226
5620
106
2347
4031
3628
1047
2673
8382
1930
6656
8432
2664
1109
2477
6411
8612
3119
8203
5561
7371
4934
1442
7256
8628
5495
7571
8337
5299
5065
3649
46
9582
3529
4194
8841
1201
6770
4469
7031
2562
9360
1590
8853
8887
9285
9983
113
182
4027
4914
5948
1421
8362
3365
9103
3508
9628
7692
4540
6303
4832
8573
2150
4600
7053
2032
9540
6621
5335
6006
2193
4406
8022
1852
8984
6122
7381
7776
46
2418
5480
9139
1424
4094
5506
2623
6271
3831
4901
4746
585
3092
683
3852
3530
3553
102
2846
499
4781
8515
739
5577
5394
4436
7771
497
315
4061
8054
571
5969
335
8806
3004
5446
9924
1192
1025
9302
3162
6917
5649
5258
4804
4963
4242
8927
1709
4961
6622
231
7006
7539
8759
3455
5777
9851
8377
4704
6727
4041
5743
2393
3800
948
1177
2829
6681
4841
9788
3305
8611
4260
7754
7994
2577
109
4036
1356
6025
6884
7822
1429
239
9071
3010
2963
8807
7699
8151
3667
4282
9986
8242
2468
8970
5541
2510
4731
9577
7594
3144
6745
567
1471
9934
3786
891
1280
2362
4527
6788
7292
4554
4126
6384
719
3762
3047
2636
6636
8659
6107
1597
5625
5981
1721
5759
1664
2419
6937
1148
7266
4142
8668
6239
6191
1301
6259
905
9796
59
271
8388
3972
3354
4137
5111
4426
6143
980
9801
8317
9285
9296
585
21
3799
1055
4733
8574
5792
8061
8201
4394
2757
5644
2419
2396
7046
6333
6981
4162
3200
5174
7570
2114
6838
5648
4829
3161
2210
4320
6886
7343
9958
3337
9126
7727
696
7200
4349
2934
4670
7856
3514
1610
357
7919
6555
4237
7369
3297
7749
4977
3712
6731
6198
7086
2631
5674
5449
8147
3714
1541
3899
186
9454
3936
8300
4318
9833
2259
9879
3281
